Potential (V)	 Current (A)	 Elapsed Time (s)
-0,024108887	 0	 -14,414415
-0,024108887	 -0,0001	 0
-0,49957275	 -0,0001	 14,414414
-0,58410645	 -0,0001	 28,828829
-0,65429688	 -0,0001	 43,243243
-0,7119751	 -0,0001	 57,657657
-0,75561523	 -0,0001	 72,072072
-0,78186035	 -0,0001	 86,486486
-0,79681396	 -0,0001	 100,9009
-0,80627441	 -0,0001	 115,31532
-0,8114624	 -0,0001	 129,72973
-0,81634521	 -0,0001	 144,14414
-0,8203125	 -0,0001	 158,55856
-0,82305908	 -0,0001	 172,97297
-0,84228516	 -0,0001	 187,38739
-1,031189	 -0,0001	 201,8018
-1,0437012	 -0,0001	 216,21622
-1,0519409	 -0,0001	 230,63063
-1,053772	 -0,0001	 245,04504
-1,0568237	 -0,0001	 259,45946
-1,055603	 -0,0001	 273,87387
-1,0546875	 -0,0001	 288,28829
-1,0549927	 -0,0001	 302,7027
-1,0562134	 -0,0001	 317,11712
-1,0577393	 -0,0001	 331,53153
-1,0574341	 -0,0001	 345,94595
-1,0583496	 -0,0001	 360,36036
-1,0583496	 -0,0001	 374,77477
-1,0577393	 -0,0001	 389,18919
-1,0598755	 -0,0001	 403,6036
-1,05896	 -0,0001	 418,01802
-1,0601807	 -0,0001	 432,43243
-1,0610962	 -0,0001	 446,84685
-1,0601807	 -0,0001	 461,26126
-1,0626221	 -0,0001	 475,67568
-1,060791	 -0,0001	 490,09009
-1,0629272	 -0,0001	 504,5045
-1,0632324	 -0,0001	 518,91892
-1,0638428	 -0,0001	 533,33333
-1,0647583	 -0,0001	 547,74775
-1,0647583	 -0,0001	 562,16216
-1,0641479	 -0,0001	 576,57658
-1,0647583	 -0,0001	 590,99099
-1,0647583	 -0,0001	 605,40541
-1,0656738	 -0,0001	 619,81982
-1,0656738	 -0,0001	 634,23423
-1,0678101	 -0,0001	 648,64865
-1,0675049	 -0,0001	 663,06306
-1,0675049	 -0,0001	 677,47748
-1,0678101	 -0,0001	 691,89189
-1,0690308	 -0,0001	 706,30631
-1,0684204	 -0,0001	 720,72072
-1,0696411	 -0,0001	 735,13514
-1,0693359	 -0,0001	 749,54955
-1,0702515	 -0,0001	 763,96396
-1,0708618	 -0,0001	 778,37838
-1,0699463	 -0,0001	 792,79279
-1,0702515	 -0,0001	 807,20721
-1,0702515	 -0,0001	 821,62162
-1,0714722	 -0,0001	 836,03604
-1,0708618	 -0,0001	 850,45045
-1,0717773	 -0,0001	 864,86486
-1,0717773	 -0,0001	 879,27928
-1,072998	 -0,0001	 893,69369
-1,0736084	 -0,0001	 908,10811
-1,0726929	 -0,0001	 922,52252
-1,0733032	 -0,0001	 936,93694
-1,0733032	 -0,0001	 951,35135
-1,0745239	 -0,0001	 965,76577
-1,0745239	 -0,0001	 980,18018
-1,0751343	 -0,0001	 994,59459
-1,0733032	 -0,0001	 1009,009
-1,0757446	 -0,0001	 1023,4234
-1,0745239	 -0,0001	 1037,8378
-1,0760498	 -0,0001	 1052,2523
-1,0754395	 -0,0001	 1066,6667
-1,0757446	 -0,0001	 1081,0811
-1,076355	 -0,0001	 1095,4955
-1,0757446	 -0,0001	 1109,9099
-1,0760498	 -0,0001	 1124,3243
-1,0769653	 -0,0001	 1138,7387
-1,0769653	 -0,0001	 1153,1532
-1,076355	 -0,0001	 1167,5676
-1,0772705	 -0,0001	 1181,982
-1,078186	 -0,0001	 1196,3964
-1,0775757	 -0,0001	 1210,8108
-1,0778809	 -0,0001	 1225,2252
-1,0797119	 -0,0001	 1239,6396
-1,0794067	 -0,0001	 1254,0541
-1,0794067	 -0,0001	 1268,4685
-1,0794067	 -0,0001	 1282,8829
-1,0794067	 -0,0001	 1297,2973
-1,0806274	 -0,0001	 1311,7117
-1,0809326	 -0,0001	 1326,1261
-1,0809326	 -0,0001	 1340,5405
-1,0803223	 -0,0001	 1354,955
-1,081543	 -0,0001	 1369,3694
-1,0812378	 -0,0001	 1383,7838
-1,0824585	 -0,0001	 1398,1982
-1,0809326	 -0,0001	 1412,6126
-1,0824585	 -0,0001	 1427,027
-1,0821533	 -0,0001	 1441,4414
-1,0827637	 -0,0001	 1455,8559
-1,0824585	 -0,0001	 1470,2703
-1,0827637	 -0,0001	 1484,6847
-1,0836792	 -0,0001	 1499,0991
-1,0842896	 -0,0001	 1513,5135
-1,083374	 -0,0001	 1527,9279
-1,0839844	 -0,0001	 1542,3423
-1,0842896	 -0,0001	 1556,7568
-1,0836792	 -0,0001	 1571,1712
-1,0845947	 -0,0001	 1585,5856
-1,0852051	 -0,0001	 1600
-1,0855103	 -0,0001	 1614,4144
-1,0891724	 -0,0001	 1628,8288
-1,0879517	 -0,0001	 1643,2432
-1,0876465	 -0,0001	 1657,6577
-1,086731	 -0,0001	 1672,0721
-1,086731	 -0,0001	 1686,4865
-1,0876465	 -0,0001	 1700,9009
-1,0876465	 -0,0001	 1715,3153
-1,0870361	 -0,0001	 1729,7297
-1,0870361	 -0,0001	 1744,1441
-1,086731	 -0,0001	 1758,5586
-1,0879517	 -0,0001	 1772,973
-1,0864258	 -0,0001	 1787,3874
-1,0855103	 -0,0001	 1801,8018
-1,0852051	 -0,0001	 1816,2162
-1,088562	 -0,0001	 1830,6306
-1,0879517	 -0,0001	 1845,045
-1,0919189	 -0,0001	 1859,4595
-1,0791016	 -0,0001	 1873,8739
-1,0775757	 -0,0001	 1888,2883
-1,086731	 -0,0001	 1902,7027
-1,0879517	 -0,0001	 1917,1171
-1,0757446	 -0,0001	 1931,5315
-1,0769653	 -0,0001	 1945,9459
-1,0717773	 -0,0001	 1960,3604
-1,0668945	 -0,0001	 1974,7748
-1,0610962	 -0,0001	 1989,1892
-1,060791	 -0,0001	 2003,6036
-1,0568237	 -0,0001	 2018,018
-1,0546875	 -0,0001	 2032,4324
-1,0546875	 -0,0001	 2046,8468
-1,0519409	 -0,0001	 2061,2613
-1,0479736	 -0,0001	 2075,6757
-1,0473633	 -0,0001	 2090,0901
-1,0464478	 -0,0001	 2104,5045
-1,0421753	 -0,0001	 2118,9189
-1,0369873	 -0,0001	 2133,3333
-1,0412598	 -0,0001	 2147,7477
-1,0366821	 -0,0001	 2162,1622
-1,0354614	 -0,0001	 2176,5766
-1,038208	 -0,0001	 2190,991
-1,0418701	 -0,0001	 2205,4054
-1,0421753	 -0,0001	 2219,8198
-1,038208	 -0,0001	 2234,2342
-1,0397339	 -0,0001	 2248,6486
-1,0372925	 -0,0001	 2263,0631
-1,0327148	 -0,0001	 2277,4775
-1,0327148	 -0,0001	 2291,8919
-1,0333252	 -0,0001	 2306,3063
-1,0321045	 -0,0001	 2320,7207
-1,03302	 -0,0001	 2335,1351
-1,0336304	 -0,0001	 2349,5495
-1,03302	 -0,0001	 2363,964
-1,0317993	 -0,0001	 2378,3784
-1,0342407	 -0,0001	 2392,7928
-1,0314941	 -0,0001	 2407,2072
-1,0348511	 -0,0001	 2421,6216
-1,0351563	 -0,0001	 2436,036
-1,0339355	 -0,0001	 2450,4505
-1,0333252	 -0,0001	 2464,8649
-1,0339355	 -0,0001	 2479,2793
-1,0308838	 -0,0001	 2493,6937
-1,0336304	 -0,0001	 2508,1081
-1,0314941	 -0,0001	 2522,5225
-1,0345459	 -0,0001	 2536,9369
-1,0324097	 -0,0001	 2551,3514
-1,0324097	 -0,0001	 2565,7658
-1,031189	 -0,0001	 2580,1802
-1,0324097	 -0,0001	 2594,5946
-1,0339355	 -0,0001	 2609,009
-1,0360718	 -0,0001	 2623,4234
-1,0369873	 -0,0001	 2637,8378
-1,0372925	 -0,0001	 2652,2523
-1,0388184	 -0,0001	 2666,6667
-1,0427856	 -0,0001	 2681,0811
-1,0412598	 -0,0001	 2695,4955
-1,0403442	 -0,0001	 2709,9099
-1,0394287	 -0,0001	 2724,3243
-1,0403442	 -0,0001	 2738,7387
-1,0418701	 -0,0001	 2753,1532
-1,0440063	 -0,0001	 2767,5676
-1,0437012	 -0,0001	 2781,982
-1,0437012	 -0,0001	 2796,3964
-1,0491943	 -0,0001	 2810,8108
-1,0507202	 -0,0001	 2825,2252
-1,0528564	 -0,0001	 2839,6396
-1,0522461	 -0,0001	 2854,0541
-1,0519409	 -0,0001	 2868,4685
-1,0534668	 -0,0001	 2882,8829
-1,0571289	 -0,0001	 2897,2973
-1,0577393	 -0,0001	 2911,7117
-1,0580444	 -0,0001	 2926,1261
-1,0583496	 -0,0001	 2940,5405
-1,0565186	 -0,0001	 2954,955
-1,0604858	 -0,0001	 2969,3694
-1,0629272	 -0,0001	 2983,7838
-1,0644531	 -0,0001	 2998,1982
-1,0629272	 -0,0001	 3012,6126
-1,0668945	 -0,0001	 3027,027
-1,0671997	 -0,0001	 3041,4414
-1,0687256	 -0,0001	 3055,8559
-1,0675049	 -0,0001	 3070,2703
-1,0668945	 -0,0001	 3084,6847
-1,0675049	 -0,0001	 3099,0991
-1,0693359	 -0,0001	 3113,5135
-1,0693359	 -0,0001	 3127,9279
-1,0714722	 -0,0001	 3142,3423
-1,0736084	 -0,0001	 3156,7568
-1,0745239	 -0,0001	 3171,1712
-1,0760498	 -0,0001	 3185,5856
-1,0794067	 -0,0001	 3200
-1,0800171	 -0,0001	 3214,4144
-1,083374	 -0,0001	 3228,8288
-1,0839844	 -0,0001	 3243,2432
-1,0824585	 -0,0001	 3257,6577
-1,0827637	 -0,0001	 3272,0721
-1,0842896	 -0,0001	 3286,4865
-1,0855103	 -0,0001	 3300,9009
-1,0870361	 -0,0001	 3315,3153
-1,088562	 -0,0001	 3329,7297
-1,0882568	 -0,0001	 3344,1441
-1,0876465	 -0,0001	 3358,5586
-1,0906982	 -0,0001	 3372,973
-1,0922241	 -0,0001	 3387,3874
-1,0916138	 -0,0001	 3401,8018
-1,0928345	 -0,0001	 3416,2162
-1,0916138	 -0,0001	 3430,6306
-1,0928345	 -0,0001	 3445,045
-1,0974121	 -0,0001	 3459,4595
-1,0949707	 -0,0001	 3473,8739
-1,0946655	 -0,0001	 3488,2883
-1,0949707	 -0,0001	 3502,7027
-1,0964966	 -0,0001	 3517,1171
-1,0955811	 -0,0001	 3531,5315
-1,0961914	 -0,0001	 3545,9459
-1,098938	 -0,0001	 3560,3604
-1,1010742	 -0,0001	 3574,7748
-1,109314	 -0,0001	 3589,1892
-1,1026001	 -0,0001	 3603,6036
-1,1010742	 -0,0001	 3618,018
-1,098938	 -0,0001	 3632,4324
-1,0983276	 -0,0001	 3646,8468
-1,0958862	 -0,0001	 3661,2613
-1,0961914	 -0,0001	 3675,6757
-1,0977173	 -0,0001	 3690,0901
-1,0974121	 -0,0001	 3704,5045
-1,0958862	 -0,0001	 3718,9189
-1,0961914	 -0,0001	 3733,3333
-1,0961914	 -0,0001	 3747,7477
-1,0946655	 -0,0001	 3762,1622
-1,0964966	 -0,0001	 3776,5766
-1,098938	 -0,0001	 3790,991
-1,1047363	 -0,0001	 3805,4054
-1,1016846	 -0,0001	 3819,8198
-1,0983276	 -0,0001	 3834,2342
-1,0977173	 -0,0001	 3848,6486
-1,0861206	 -0,0001	 3863,0631
-1,0928345	 -0,0001	 3877,4775
-1,0958862	 -0,0001	 3891,8919
-1,0940552	 -0,0001	 3906,3063
-1,0992432	 -0,0001	 3920,7207
-1,0977173	 -0,0001	 3935,1351
-1,0775757	 -0,0001	 3949,5495
-1,0778809	 -0,0001	 3963,964
-1,0766602	 -0,0001	 3978,3784
-1,0757446	 -0,0001	 3992,7928
-1,076355	 -0,0001	 4007,2072
-1,0745239	 -0,0001	 4021,6216
-1,0687256	 -0,0001	 4036,036
-1,0668945	 -0,0001	 4050,4505
-1,0690308	 -0,0001	 4064,8649
-1,0662842	 -0,0001	 4079,2793
-1,0629272	 -0,0001	 4093,6937
-1,0592651	 -0,0001	 4108,1081
-1,0592651	 -0,0001	 4122,5225
-1,0574341	 -0,0001	 4136,9369
-1,0552979	 -0,0001	 4151,3514
-1,053772	 -0,0001	 4165,7658
-1,053772	 -0,0001	 4180,1802
-1,0552979	 -0,0001	 4194,5946
-1,0543823	 -0,0001	 4209,009
-1,0522461	 -0,0001	 4223,4234
-1,0488892	 -0,0001	 4237,8378
-1,0446167	 -0,0001	 4252,2523
-1,0464478	 -0,0001	 4266,6667
-1,0488892	 -0,0001	 4281,0811
-1,0452271	 -0,0001	 4295,4955
-1,0479736	 -0,0001	 4309,9099
-1,0470581	 -0,0001	 4324,3243
-1,0452271	 -0,0001	 4338,7387
-1,0440063	 -0,0001	 4353,1532
-1,0446167	 -0,0001	 4367,5676
-1,0443115	 -0,0001	 4381,982
-1,0430908	 -0,0001	 4396,3964
-1,0458374	 -0,0001	 4410,8108
-1,0464478	 -0,0001	 4425,2252
-1,0461426	 -0,0001	 4439,6396
-1,0440063	 -0,0001	 4454,0541
-1,0449219	 -0,0001	 4468,4685
-1,0458374	 -0,0001	 4482,8829
-1,0455322	 -0,0001	 4497,2973
-1,0458374	 -0,0001	 4511,7117
-1,0498047	 -0,0001	 4526,1261
-1,0488892	 -0,0001	 4540,5405
-1,0476685	 -0,0001	 4554,955
-1,0501099	 -0,0001	 4569,3694
-1,0482788	 -0,0001	 4583,7838
-1,043396	 -0,0001	 4598,1982
-1,0366821	 -0,0001	 4612,6126
-1,0366821	 -0,0001	 4627,027
-1,0339355	 -0,0001	 4641,4414
-1,0342407	 -0,0001	 4655,8559
-1,0333252	 -0,0001	 4670,2703
-1,03302	 -0,0001	 4684,6847
-1,0345459	 -0,0001	 4699,0991
-1,0345459	 -0,0001	 4713,5135
-1,0357666	 -0,0001	 4727,9279
-1,0400391	 -0,0001	 4742,3423
-1,0400391	 -0,0001	 4756,7568
-1,0379028	 -0,0001	 4771,1712
-1,0324097	 -0,0001	 4785,5856
-1,0372925	 -0,0001	 4800
-1,0397339	 -0,0001	 4814,4144
-1,0415649	 -0,0001	 4828,8288
-1,0415649	 -0,0001	 4843,2432
-1,0452271	 -0,0001	 4857,6577
-1,0494995	 -0,0001	 4872,0721
-1,0491943	 -0,0001	 4886,4865
-1,0455322	 -0,0001	 4900,9009
-1,0464478	 -0,0001	 4915,3153
-1,0522461	 -0,0001	 4929,7297
-1,0525513	 -0,0001	 4944,1441
-1,0549927	 -0,0001	 4958,5586
-1,0531616	 -0,0001	 4972,973
-1,053772	 -0,0001	 4987,3874
-1,0522461	 -0,0001	 5001,8018
-1,0531616	 -0,0001	 5016,2162
-1,055603	 -0,0001	 5030,6306
-1,0571289	 -0,0001	 5045,045
-1,0586548	 -0,0001	 5059,4595
-1,0598755	 -0,0001	 5073,8739
-1,0604858	 -0,0001	 5088,2883
-1,0610962	 -0,0001	 5102,7027
-1,0601807	 -0,0001	 5117,1171
-1,0601807	 -0,0001	 5131,5315
-1,0620117	 -0,0001	 5145,9459
-1,0653687	 -0,0001	 5160,3604
-1,0714722	 -0,0001	 5174,7748
-1,0690308	 -0,0001	 5189,1892
-1,0675049	 -0,0001	 5203,6036
-1,0879517	 -0,0001	 5218,018
-1,0876465	 -0,0001	 5232,4324
-1,0848999	 -0,0001	 5246,8468
-1,0818481	 -0,0001	 5261,2613
-1,0800171	 -0,0001	 5275,6757
-1,0800171	 -0,0001	 5290,0901
-1,076355	 -0,0001	 5304,5045
-1,0745239	 -0,0001	 5318,9189
-1,0760498	 -0,0001	 5333,3333
-1,0803223	 -0,0001	 5347,7477
-1,0787964	 -0,0001	 5362,1622
-1,0754395	 -0,0001	 5376,5766
-1,0748291	 -0,0001	 5390,991
-1,0742188	 -0,0001	 5405,4054
-1,0726929	 -0,0001	 5419,8198
-1,0720825	 -0,0001	 5434,2342
-1,0754395	 -0,0001	 5448,6486
-1,0830688	 -0,0001	 5463,0631
-1,0604858	 -0,0001	 5477,4775
-1,0488892	 -0,0001	 5491,8919
-1,0394287	 -0,0001	 5506,3063
-1,0037231	 -0,0001	 5520,7207
-0,98480225	 -0,0001	 5535,1351
-0,96954346	 -0,0001	 5549,5495
-0,95153809	 -0,0001	 5563,964
-0,93139648	 -0,0001	 5578,3784
-0,93078613	 -0,0001	 5592,7928
-0,92224121	 -0,0001	 5607,2072
-0,91461182	 -0,0001	 5621,6216
-0,91003418	 -0,0001	 5636,036
-0,90545654	 -0,0001	 5650,4505
-0,8984375	 -0,0001	 5664,8649
-0,89660645	 -0,0001	 5679,2793
-0,89263916	 -0,0001	 5693,6937
-0,8883667	 -0,0001	 5708,1081
-0,88623047	 -0,0001	 5722,5225
-0,88348389	 -0,0001	 5736,9369
-0,88104248	 -0,0001	 5751,3514
-0,87799072	 -0,0001	 5765,7658
-0,87585449	 -0,0001	 5780,1802
-0,87432861	 -0,0001	 5794,5946
-0,87249756	 -0,0001	 5809,009
-0,86853027	 -0,0001	 5823,4234
-0,86914063	 -0,0001	 5837,8378
-0,8682251	 -0,0001	 5852,2523
-0,86730957	 -0,0001	 5866,6667
-0,86730957	 -0,0001	 5881,0811
-0,86608887	 -0,0001	 5895,4955
-0,86486816	 -0,0001	 5909,9099
-0,86181641	 -0,0001	 5924,3243
-0,86181641	 -0,0001	 5938,7387
-0,85906982	 -0,0001	 5953,1532
-0,85876465	 -0,0001	 5967,5676
-0,85876465	 -0,0001	 5981,982
-0,85845947	 -0,0001	 5996,3964
-0,85845947	 -0,0001	 6010,8108
-0,85906982	 -0,0001	 6025,2252
-0,85754395	 -0,0001	 6039,6396
-0,85693359	 -0,0001	 6054,0541
-0,85754395	 -0,0001	 6068,4685
-0,8581543	 -0,0001	 6082,8829
-0,85723877	 -0,0001	 6097,2973
-0,85754395	 -0,0001	 6111,7117
-0,85845947	 -0,0001	 6126,1261
-0,85754395	 -0,0001	 6140,5405
-0,85845947	 -0,0001	 6154,955
-0,85906982	 -0,0001	 6169,3694
-0,85845947	 -0,0001	 6183,7838
-0,85784912	 -0,0001	 6198,1982
-0,85845947	 -0,0001	 6212,6126
-0,859375	 -0,0001	 6227,027
-0,85876465	 -0,0001	 6241,4414
-0,85968018	 -0,0001	 6255,8559
-0,859375	 -0,0001	 6270,2703
-0,859375	 -0,0001	 6284,6847
-0,85998535	 -0,0001	 6299,0991
-0,86029053	 -0,0001	 6313,5135
-0,86242676	 -0,0001	 6327,9279
-0,86303711	 -0,0001	 6342,3423
-0,86273193	 -0,0001	 6356,7568
-0,86364746	 -0,0001	 6371,1712
-0,86425781	 -0,0001	 6385,5856
-0,86486816	 -0,0001	 6400
-0,86456299	 -0,0001	 6414,4144
-0,86578369	 -0,0001	 6428,8288
-0,86669922	 -0,0001	 6443,2432
-0,86761475	 -0,0001	 6457,6577
-0,86914063	 -0,0001	 6472,0721
-0,8694458	 -0,0001	 6486,4865
-0,86853027	 -0,0001	 6500,9009
-0,86914063	 -0,0001	 6515,3153
-0,87036133	 -0,0001	 6529,7297
-0,87158203	 -0,0001	 6544,1441
-0,87188721	 -0,0001	 6558,5586
-0,87280273	 -0,0001	 6572,973
-0,87280273	 -0,0001	 6587,3874
-0,87341309	 -0,0001	 6601,8018
-0,87493896	 -0,0001	 6616,2162
-0,87677002	 -0,0001	 6630,6306
-0,87677002	 -0,0001	 6645,045
-0,87585449	 -0,0001	 6659,4595
-0,87799072	 -0,0001	 6673,8739
-0,87890625	 -0,0001	 6688,2883
-0,87982178	 -0,0001	 6702,7027
-0,88104248	 -0,0001	 6717,1171
-0,88104248	 -0,0001	 6731,5315
-0,88287354	 -0,0001	 6745,9459
-0,88287354	 -0,0001	 6760,3604
-0,88317871	 -0,0001	 6774,7748
-0,88256836	 -0,0001	 6789,1892
-0,88378906	 -0,0001	 6803,6036
-0,88470459	 -0,0001	 6818,018
-0,88562012	 -0,0001	 6832,4324
-0,887146	 -0,0001	 6846,8468
-0,88745117	 -0,0001	 6861,2613
-0,88867188	 -0,0001	 6875,6757
-0,8895874	 -0,0001	 6890,0901
-0,88989258	 -0,0001	 6904,5045
-0,89019775	 -0,0001	 6918,9189
-0,89172363	 -0,0001	 6933,3333
-0,89324951	 -0,0001	 6947,7477
-0,89233398	 -0,0001	 6962,1622
-0,89385986	 -0,0001	 6976,5766
-0,89508057	 -0,0001	 6990,991
-0,8972168	 -0,0001	 7005,4054
-0,89904785	 -0,0001	 7019,8198
-0,90087891	 -0,0001	 7034,2342
-0,89874268	 -0,0001	 7048,6486
-0,8984375	 -0,0001	 7063,0631
-0,8996582	 -0,0001	 7077,4775
-0,90179443	 -0,0001	 7091,8919
-0,90332031	 -0,0001	 7106,3063
-0,90393066	 -0,0001	 7120,7207
-0,90576172	 -0,0001	 7135,1351
-0,90454102	 -0,0001	 7149,5495
-0,90515137	 -0,0001	 7163,964
-0,90545654	 -0,0001	 7178,3784
-0,9085083	 -0,0001	 7192,7928
-0,91064453	 -0,0001	 7207,2072
-0,91064453	 -0,0001	 7221,6216
-0,91217041	 -0,0001	 7236,036
-0,91308594	 -0,0001	 7250,4505
-0,91339111	 -0,0001	 7264,8649
-0,91461182	 -0,0001	 7279,2793
-0,91583252	 -0,0001	 7293,6937
-0,91552734	 -0,0001	 7308,1081
-0,9173584	 -0,0001	 7322,5225
-0,9197998	 -0,0001	 7336,9369
-0,92254639	 -0,0001	 7351,3514
-0,92376709	 -0,0001	 7365,7658
-0,92468262	 -0,0001	 7380,1802
-0,92498779	 -0,0001	 7394,5946
-0,92407227	 -0,0001	 7409,009
-0,92590332	 -0,0001	 7423,4234
-0,92651367	 -0,0001	 7437,8378
-0,92834473	 -0,0001	 7452,2523
-0,93139648	 -0,0001	 7466,6667
-0,93322754	 -0,0001	 7481,0811
-0,93322754	 -0,0001	 7495,4955
-0,93505859	 -0,0001	 7509,9099
-0,9387207	 -0,0001	 7524,3243
-0,94085693	 -0,0001	 7538,7387
-0,94024658	 -0,0001	 7553,1532
-0,94024658	 -0,0001	 7567,5676
-0,94268799	 -0,0001	 7581,982
-0,94482422	 -0,0001	 7596,3964
-0,9475708	 -0,0001	 7610,8108
-0,95092773	 -0,0001	 7625,2252
-0,95214844	 -0,0001	 7639,6396
-0,95245361	 -0,0001	 7654,0541
-0,94970703	 -0,0001	 7668,4685
-0,95153809	 -0,0001	 7682,8829
-0,95428467	 -0,0001	 7697,2973
-0,95550537	 -0,0001	 7711,7117
-0,95794678	 -0,0001	 7726,1261
-0,95947266	 -0,0001	 7740,5405
-0,96130371	 -0,0001	 7754,955
-0,96160889	 -0,0001	 7769,3694
-0,96405029	 -0,0001	 7783,7838
-0,96588135	 -0,0001	 7798,1982
-0,96679688	 -0,0001	 7812,6126
-0,97076416	 -0,0001	 7827,027
-0,97106934	 -0,0001	 7841,4414
-0,97137451	 -0,0001	 7855,8559
-0,97503662	 -0,0001	 7870,2703
-0,97717285	 -0,0001	 7884,6847
-0,97595215	 -0,0001	 7899,0991
-0,97625732	 -0,0001	 7913,5135
-0,98083496	 -0,0001	 7927,9279
-1,0009766	 -0,0001	 7942,3423
-0,99914551	 -0,0001	 7956,7568
-0,99700928	 -0,0001	 7971,1712
-0,99761963	 -0,0001	 7985,5856
-0,99700928	 -0,0001	 8000
-0,99578857	 -0,0001	 8014,4144
-0,99487305	 -0,0001	 8028,8288
-0,99456787	 -0,0001	 8043,2432
-0,99304199	 -0,0001	 8057,6577
-0,99212646	 -0,0001	 8072,0721
-0,99060059	 -0,0001	 8086,4865
-0,99182129	 -0,0001	 8100,9009
-0,99273682	 -0,0001	 8115,3153
-0,99731445	 -0,0001	 8129,7297
-1,0079956	 -0,0001	 8144,1441
-1,0125732	 -0,0001	 8158,5586
-0,99975586	 -0,0001	 8172,973
-0,98937988	 -0,0001	 8187,3874
-0,98236084	 -0,0001	 8201,8018
-0,98236084	 -0,0001	 8216,2162
-0,98236084	 -0,0001	 8230,6306
-0,98266602	 -0,0001	 8245,045
-0,97747803	 -0,0001	 8259,4595
-0,97900391	 -0,0001	 8273,8739
-0,98602295	 -0,0001	 8288,2883
-0,98236084	 -0,0001	 8302,7027
-0,96832275	 -0,0001	 8317,1171
-0,96618652	 -0,0001	 8331,5315
-0,96588135	 -0,0001	 8345,9459
-0,9664917	 -0,0001	 8360,3604
-0,96496582	 -0,0001	 8374,7748
-0,96038818	 -0,0001	 8389,1892
-0,96008301	 -0,0001	 8403,6036
-0,9564209	 -0,0001	 8418,018
-0,9564209	 -0,0001	 8432,4324
-0,95336914	 -0,0001	 8446,8468
-0,95214844	 -0,0001	 8461,2613
-0,9487915	 -0,0001	 8475,6757
-0,94665527	 -0,0001	 8490,0901
-0,94726563	 -0,0001	 8504,5045
-0,94696045	 -0,0001	 8518,9189
-0,94726563	 -0,0001	 8533,3333
-0,95001221	 -0,0001	 8547,7477
-0,9487915	 -0,0001	 8562,1622
-0,94970703	 -0,0001	 8576,5766
-0,94665527	 -0,0001	 8590,991
-0,94696045	 -0,0001	 8605,4054
-0,94451904	 -0,0001	 8619,8198
-0,94390869	 -0,0001	 8634,2342
-0,94543457	 -0,0001	 8648,6486
-0,94482422	 -0,0001	 8663,0631
-0,94665527	 -0,0001	 8677,4775
-0,94909668	 -0,0001	 8691,8919
-0,94818115	 -0,0001	 8706,3063
-0,94665527	 -0,0001	 8720,7207
-0,94543457	 -0,0001	 8735,1351
-0,94665527	 -0,0001	 8749,5495
-0,9475708	 -0,0001	 8763,964
-0,94787598	 -0,0001	 8778,3784
-0,94787598	 -0,0001	 8792,7928
-0,94726563	 -0,0001	 8807,2072
-0,94940186	 -0,0001	 8821,6216
-0,94970703	 -0,0001	 8836,036
-0,95031738	 -0,0001	 8850,4505
-0,95031738	 -0,0001	 8864,8649
-0,95123291	 -0,0001	 8879,2793
-0,95184326	 -0,0001	 8893,6937
-0,95214844	 -0,0001	 8908,1081
-0,95214844	 -0,0001	 8922,5225
-0,95031738	 -0,0001	 8936,9369
-0,95031738	 -0,0001	 8951,3514
-0,95153809	 -0,0001	 8965,7658
-0,95275879	 -0,0001	 8980,1802
-0,95581055	 -0,0001	 8994,5946
-0,95489502	 -0,0001	 9009,009
-0,95458984	 -0,0001	 9023,4234
-0,95397949	 -0,0001	 9037,8378
-0,95458984	 -0,0001	 9052,2523
-0,9564209	 -0,0001	 9066,6667
-0,95550537	 -0,0001	 9081,0811
-0,95672607	 -0,0001	 9095,4955
-0,95855713	 -0,0001	 9109,9099
-0,96069336	 -0,0001	 9124,3243
-0,96099854	 -0,0001	 9138,7387
-0,96160889	 -0,0001	 9153,1532
-0,96160889	 -0,0001	 9167,5676
-0,98510742	 -0,0001	 9181,982
-0,98266602	 -0,0001	 9196,3964
-0,98114014	 -0,0001	 9210,8108
-0,98022461	 -0,0001	 9225,2252
-0,97839355	 -0,0001	 9239,6396
-0,9777832	 -0,0001	 9254,0541
-0,97564697	 -0,0001	 9268,4685
-0,97351074	 -0,0001	 9282,8829
-0,9777832	 -0,0001	 9297,2973
-0,97625732	 -0,0001	 9311,7117
-0,97351074	 -0,0001	 9326,1261
-0,97442627	 -0,0001	 9340,5405
-0,97564697	 -0,0001	 9354,955
-0,97595215	 -0,0001	 9369,3694
-0,97747803	 -0,0001	 9383,7838
-0,97595215	 -0,0001	 9398,1982
-0,97564697	 -0,0001	 9412,6126
-0,97137451	 -0,0001	 9427,027
-0,97229004	 -0,0001	 9441,4414
-0,97625732	 -0,0001	 9455,8559
-0,98388672	 -0,0001	 9470,2703
-0,98999023	 -0,0001	 9484,6847
-0,99487305	 -0,0001	 9499,0991
-0,98907471	 -0,0001	 9513,5135
-0,98205566	 -0,0001	 9527,9279
-0,9677124	 -0,0001	 9542,3423
-0,96801758	 -0,0001	 9556,7568
-0,96710205	 -0,0001	 9571,1712
-0,96405029	 -0,0001	 9585,5856
-0,97686768	 -0,0001	 9600
-0,95550537	 -0,0001	 9614,4144
-0,94909668	 -0,0001	 9628,8288
-0,94482422	 -0,0001	 9643,2432
-0,94238281	 -0,0001	 9657,6577
-0,94055176	 -0,0001	 9672,0721
-0,93566895	 -0,0001	 9686,4865
-0,93353271	 -0,0001	 9700,9009
-0,93017578	 -0,0001	 9715,3153
-0,93139648	 -0,0001	 9729,7297
-0,93109131	 -0,0001	 9744,1441
-0,92803955	 -0,0001	 9758,5586
-0,9262085	 -0,0001	 9772,973
-0,92529297	 -0,0001	 9787,3874
-0,92376709	 -0,0001	 9801,8018
-0,92315674	 -0,0001	 9816,2162
-0,92224121	 -0,0001	 9830,6306
-0,92071533	 -0,0001	 9845,045
-0,92041016	 -0,0001	 9859,4595
-0,92041016	 -0,0001	 9873,8739
-0,9185791	 -0,0001	 9888,2883
-0,91766357	 -0,0001	 9902,7027
-0,91827393	 -0,0001	 9917,1171
-0,9197998	 -0,0001	 9931,5315
-0,91888428	 -0,0001	 9945,9459
-0,9173584	 -0,0001	 9960,3604
-0,9173584	 -0,0001	 9974,7748
-0,91827393	 -0,0001	 9989,1892
-0,91705322	 -0,0001	 10003,604
-0,91674805	 -0,0001	 10018,018
-0,91644287	 -0,0001	 10032,432
-0,91705322	 -0,0001	 10046,847
-0,91552734	 -0,0001	 10061,261
-0,9161377	 -0,0001	 10075,676
-0,91796875	 -0,0001	 10090,09
-0,91674805	 -0,0001	 10104,505
-0,91888428	 -0,0001	 10118,919
-0,91705322	 -0,0001	 10133,333
-0,91674805	 -0,0001	 10147,748
-0,91644287	 -0,0001	 10162,162
-0,91644287	 -0,0001	 10176,577
-0,9173584	 -0,0001	 10190,991
-0,91827393	 -0,0001	 10205,405
-0,91888428	 -0,0001	 10219,82
-0,9185791	 -0,0001	 10234,234
-0,91888428	 -0,0001	 10248,649
-0,91827393	 -0,0001	 10263,063
-0,91888428	 -0,0001	 10277,477
-0,92010498	 -0,0001	 10291,892
-0,92132568	 -0,0001	 10306,306
-0,92132568	 -0,0001	 10320,721
-0,92193604	 -0,0001	 10335,135
-0,92163086	 -0,0001	 10349,55
-0,92254639	 -0,0001	 10363,964
-0,92285156	 -0,0001	 10378,378
-0,92346191	 -0,0001	 10392,793
-0,92285156	 -0,0001	 10407,207
-0,92285156	 -0,0001	 10421,622
-0,92468262	 -0,0001	 10436,036
-0,92681885	 -0,0001	 10450,45
-0,92559814	 -0,0001	 10464,865
-0,9262085	 -0,0001	 10479,279
-0,92773438	 -0,0001	 10493,694
-0,9286499	 -0,0001	 10508,108
-0,9286499	 -0,0001	 10522,523
-0,92926025	 -0,0001	 10536,937
-0,92926025	 -0,0001	 10551,351
-0,92926025	 -0,0001	 10565,766
-0,92987061	 -0,0001	 10580,18
-0,93261719	 -0,0001	 10594,595
-0,93170166	 -0,0001	 10609,009
-0,93231201	 -0,0001	 10623,423
-0,93383789	 -0,0001	 10637,838
-0,93536377	 -0,0001	 10652,252
-0,93597412	 -0,0001	 10666,667
-0,9362793	 -0,0001	 10681,081
-0,93658447	 -0,0001	 10695,495
-0,93994141	 -0,0001	 10709,91
-0,94146729	 -0,0001	 10724,324
-0,94055176	 -0,0001	 10738,739
-0,94085693	 -0,0001	 10753,153
-0,93994141	 -0,0001	 10767,568
-0,94085693	 -0,0001	 10781,982
-0,94360352	 -0,0001	 10796,396
-0,94573975	 -0,0001	 10810,811
-0,94604492	 -0,0001	 10825,225
-0,94696045	 -0,0001	 10839,64
-0,95703125	 -0,0001	 10854,054
-0,95947266	 -0,0001	 10868,468
-0,95672607	 -0,0001	 10882,883
-0,95733643	 -0,0001	 10897,297
-0,96130371	 -0,0001	 10911,712
-0,95947266	 -0,0001	 10926,126
-0,9564209	 -0,0001	 10940,541
-0,95550537	 -0,0001	 10954,955
-0,95336914	 -0,0001	 10969,369
-0,95245361	 -0,0001	 10983,784
-0,95214844	 -0,0001	 10998,198
-0,95367432	 -0,0001	 11012,613
-0,95581055	 -0,0001	 11027,027
-0,95428467	 -0,0001	 11041,441
-0,95489502	 -0,0001	 11055,856
-0,95611572	 -0,0001	 11070,27
-0,9576416	 -0,0001	 11084,685
-0,95794678	 -0,0001	 11099,099
-0,95977783	 -0,0001	 11113,514
-0,96740723	 -0,0001	 11127,928
-0,97473145	 -0,0001	 11142,342
-0,97290039	 -0,0001	 11156,757
-0,96893311	 -0,0001	 11171,171
-0,96618652	 -0,0001	 11185,586
-0,95184326	 -0,0001	 11200
-0,9463501	 -0,0001	 11214,414
-0,94909668	 -0,0001	 11228,829
-0,95031738	 -0,0001	 11243,243
-0,95825195	 -0,0001	 11257,658
-0,94177246	 -0,0001	 11272,072
-0,93994141	 -0,0001	 11286,486
-0,9362793	 -0,0001	 11300,901
-0,93444824	 -0,0001	 11315,315
-0,93048096	 -0,0001	 11329,73
-0,92895508	 -0,0001	 11344,144
-0,92590332	 -0,0001	 11358,559
-0,92590332	 -0,0001	 11372,973
-0,92407227	 -0,0001	 11387,387
-0,92285156	 -0,0001	 11401,802
-0,92102051	 -0,0001	 11416,216
-0,92071533	 -0,0001	 11430,631
-0,91949463	 -0,0001	 11445,045
-0,91827393	 -0,0001	 11459,459
-0,9173584	 -0,0001	 11473,874
-0,91674805	 -0,0001	 11488,288
-0,91583252	 -0,0001	 11502,703
-0,91522217	 -0,0001	 11517,117
-0,91461182	 -0,0001	 11531,532
-0,91400146	 -0,0001	 11545,946
-0,91369629	 -0,0001	 11560,36
-0,91461182	 -0,0001	 11574,775
-0,91308594	 -0,0001	 11589,189
-0,91247559	 -0,0001	 11603,604
-0,91247559	 -0,0001	 11618,018
-0,91278076	 -0,0001	 11632,432
-0,91278076	 -0,0001	 11646,847
-0,91217041	 -0,0001	 11661,261
-0,91278076	 -0,0001	 11675,676
-0,91308594	 -0,0001	 11690,09
-0,91308594	 -0,0001	 11704,505
-0,91308594	 -0,0001	 11718,919
-0,91369629	 -0,0001	 11733,333
-0,91491699	 -0,0001	 11747,748
-0,91369629	 -0,0001	 11762,162
-0,91522217	 -0,0001	 11776,577
-0,91461182	 -0,0001	 11790,991
-0,91522217	 -0,0001	 11805,405
-0,91522217	 -0,0001	 11819,82
-0,91461182	 -0,0001	 11834,234
-0,91583252	 -0,0001	 11848,649
-0,91522217	 -0,0001	 11863,063
-0,91491699	 -0,0001	 11877,477
-0,91522217	 -0,0001	 11891,892
-0,91674805	 -0,0001	 11906,306
-0,9173584	 -0,0001	 11920,721
-0,91705322	 -0,0001	 11935,135
-0,91705322	 -0,0001	 11949,55
-0,91644287	 -0,0001	 11963,964
-0,9185791	 -0,0001	 11978,378
-0,9185791	 -0,0001	 11992,793
-0,91918945	 -0,0001	 12007,207
-0,91949463	 -0,0001	 12021,622
-0,91949463	 -0,0001	 12036,036
-0,91918945	 -0,0001	 12050,45
-0,92010498	 -0,0001	 12064,865
-0,92224121	 -0,0001	 12079,279
-0,92193604	 -0,0001	 12093,694
-0,92254639	 -0,0001	 12108,108
-0,92346191	 -0,0001	 12122,523
-0,92529297	 -0,0001	 12136,937
-0,92437744	 -0,0001	 12151,351
-0,92498779	 -0,0001	 12165,766
-0,92559814	 -0,0001	 12180,18
-0,9262085	 -0,0001	 12194,595
-0,92651367	 -0,0001	 12209,009
-0,9274292	 -0,0001	 12223,423
-0,92803955	 -0,0001	 12237,838
-0,92773438	 -0,0001	 12252,252
-0,92803955	 -0,0001	 12266,667
-0,92926025	 -0,0001	 12281,081
-0,93048096	 -0,0001	 12295,495
-0,93231201	 -0,0001	 12309,91
-0,93109131	 -0,0001	 12324,324
-0,93170166	 -0,0001	 12338,739
-0,93261719	 -0,0001	 12353,153
-0,93353271	 -0,0001	 12367,568
-0,93475342	 -0,0001	 12381,982
-0,93536377	 -0,0001	 12396,396
-0,93566895	 -0,0001	 12410,811
-0,9362793	 -0,0001	 12425,225
-0,93658447	 -0,0001	 12439,64
-0,93902588	 -0,0001	 12454,054
-0,93963623	 -0,0001	 12468,468
-0,94116211	 -0,0001	 12482,883
-0,94177246	 -0,0001	 12497,297
-0,94268799	 -0,0001	 12511,712
-0,94299316	 -0,0001	 12526,126
-0,95397949	 -0,0001	 12540,541
-0,95581055	 -0,0001	 12554,955
-0,95367432	 -0,0001	 12569,369
-0,95184326	 -0,0001	 12583,784
-0,95550537	 -0,0001	 12598,198
-0,95703125	 -0,0001	 12612,613
-0,95550537	 -0,0001	 12627,027
-0,95367432	 -0,0001	 12641,441
-0,95184326	 -0,0001	 12655,856
-0,95031738	 -0,0001	 12670,27
-0,95245361	 -0,0001	 12684,685
-0,95214844	 -0,0001	 12699,099
-0,95275879	 -0,0001	 12713,514
-0,95123291	 -0,0001	 12727,928
-0,95214844	 -0,0001	 12742,342
-0,95123291	 -0,0001	 12756,757
-0,95275879	 -0,0001	 12771,171
-0,95916748	 -0,0001	 12785,586
-0,96374512	 -0,0001	 12800
-0,96557617	 -0,0001	 12814,414
-0,96130371	 -0,0001	 12828,829
-0,95672607	 -0,0001	 12843,243
-0,94665527	 -0,0001	 12857,658
-0,95275879	 -0,0001	 12872,072
-0,94421387	 -0,0001	 12886,486
-0,94177246	 -0,0001	 12900,901
-0,93902588	 -0,0001	 12915,315
-0,93719482	 -0,0001	 12929,73
-0,93566895	 -0,0001	 12944,144
-0,93261719	 -0,0001	 12958,559
-0,92926025	 -0,0001	 12972,973
-0,92834473	 -0,0001	 12987,387
-0,9274292	 -0,0001	 13001,802
-0,92529297	 -0,0001	 13016,216
-0,92285156	 -0,0001	 13030,631
-0,92041016	 -0,0001	 13045,045
-0,9197998	 -0,0001	 13059,459
-0,9185791	 -0,0001	 13073,874
-0,9173584	 -0,0001	 13088,288
-0,9173584	 -0,0001	 13102,703
-0,91674805	 -0,0001	 13117,117
-0,9161377	 -0,0001	 13131,532
-0,9161377	 -0,0001	 13145,946
-0,91583252	 -0,0001	 13160,36
-0,91552734	 -0,0001	 13174,775
-0,91491699	 -0,0001	 13189,189
-0,91400146	 -0,0001	 13203,604
-0,91339111	 -0,0001	 13218,018
-0,91369629	 -0,0001	 13232,432
-0,91400146	 -0,0001	 13246,847
-0,91339111	 -0,0001	 13261,261
-0,91369629	 -0,0001	 13275,676
-0,91308594	 -0,0001	 13290,09
-0,91308594	 -0,0001	 13304,505
-0,91217041	 -0,0001	 13318,919
-0,91247559	 -0,0001	 13333,333
-0,91186523	 -0,0001	 13347,748
-0,91461182	 -0,0001	 13362,162
-0,91430664	 -0,0001	 13376,577
-0,91247559	 -0,0001	 13390,991
-0,91247559	 -0,0001	 13405,405
-0,91308594	 -0,0001	 13419,82
-0,91461182	 -0,0001	 13434,234
-0,91369629	 -0,0001	 13448,649
-0,91278076	 -0,0001	 13463,063
-0,91339111	 -0,0001	 13477,477
-0,91278076	 -0,0001	 13491,892
-0,91369629	 -0,0001	 13506,306
-0,91430664	 -0,0001	 13520,721
-0,91552734	 -0,0001	 13535,135
-0,91491699	 -0,0001	 13549,55
-0,91430664	 -0,0001	 13563,964
-0,91461182	 -0,0001	 13578,378
-0,91522217	 -0,0001	 13592,793
-0,9161377	 -0,0001	 13607,207
-0,91644287	 -0,0001	 13621,622
-0,91674805	 -0,0001	 13636,036
-0,91796875	 -0,0001	 13650,45
-0,9173584	 -0,0001	 13664,865
-0,91796875	 -0,0001	 13679,279
-0,91827393	 -0,0001	 13693,694
-0,9185791	 -0,0001	 13708,108
-0,9197998	 -0,0001	 13722,523
-0,9197998	 -0,0001	 13736,937
-0,92041016	 -0,0001	 13751,351
-0,92102051	 -0,0001	 13765,766
-0,92163086	 -0,0001	 13780,18
-0,92193604	 -0,0001	 13794,595
-0,92224121	 -0,0001	 13809,009
-0,92285156	 -0,0001	 13823,423
-0,92315674	 -0,0001	 13837,838
-0,92407227	 -0,0001	 13852,252
-0,92468262	 -0,0001	 13866,667
-0,92437744	 -0,0001	 13881,081
-0,92559814	 -0,0001	 13895,495
-0,9262085	 -0,0001	 13909,91
-0,92681885	 -0,0001	 13924,324
-0,92773438	 -0,0001	 13938,739
-0,92803955	 -0,0001	 13953,153
-0,92834473	 -0,0001	 13967,568
-0,92895508	 -0,0001	 13981,982
-0,93017578	 -0,0001	 13996,396
-0,93048096	 -0,0001	 14010,811
-0,93109131	 -0,0001	 14025,225
-0,93261719	 -0,0001	 14039,64
-0,93353271	 -0,0001	 14054,054
-0,93353271	 -0,0001	 14068,468
-0,93505859	 -0,0001	 14082,883
-0,93566895	 -0,0001	 14097,297
-0,93536377	 -0,0001	 14111,712
-0,93688965	 -0,0001	 14126,126
-0,93841553	 -0,0001	 14140,541
-0,94146729	 -0,0001	 14154,955
-0,95062256	 -0,0001	 14169,369
-0,94818115	 -0,0001	 14183,784
-0,94787598	 -0,0001	 14198,198
-0,94787598	 -0,0001	 14212,613
-0,9475708	 -0,0001	 14227,027
-0,94726563	 -0,0001	 14241,441
-0,94970703	 -0,0001	 14255,856
-0,95001221	 -0,0001	 14270,27
-0,9487915	 -0,0001	 14284,685
-0,9475708	 -0,0001	 14299,099
-0,94696045	 -0,0001	 14313,514
-0,9475708	 -0,0001	 14327,928
-0,94787598	 -0,0001	 14342,342
-0,9475708	 -0,0001	 14356,757
-0,94848633	 -0,0001	 14371,171
-0,94696045	 -0,0001	 14385,586
-0,94818115	 -0,0001	 14400
