Potential (V)	 Current (A)	 Elapsed Time (s)
-1,2216187	 0	 -10,810811
-1,2466431	 -0,0001	 0
-1,3037109	 -0,0001	 10,810811
-1,2918091	 -0,0001	 21,621622
-1,2722778	 -0,0001	 32,432433
-1,2438965	 -0,0001	 43,243243
-1,2078857	 -0,0001	 54,054055
-1,1065674	 -0,0001	 64,864865
-1,2612915	 -0,0001	 75,675676
-1,2734985	 -0,0001	 86,486486
-1,2634277	 -0,0001	 97,297298
-1,2484741	 -0,0001	 108,10811
-1,2219238	 -0,0001	 118,91892
-1,1798096	 -0,0001	 129,72973
-1,0934448	 -0,0001	 140,54054
-1,234436	 -0,0001	 151,35135
-1,2127686	 -0,0001	 162,16216
-1,171875	 -0,0001	 172,97297
-1,0720825	 -0,0001	 183,78378
-1,2164307	 -0,0001	 194,59459
-1,1819458	 -0,0001	 205,40541
-1,0687256	 -0,0001	 216,21622
-1,2069702	 -0,0001	 227,02703
-1,1557007	 -0,0001	 237,83784
-1,1682129	 -0,0001	 248,64865
-1,1856079	 -0,0001	 259,45946
-1,0702515	 -0,0001	 270,27027
-1,1984253	 -0,0001	 281,08108
-1,1489868	 -0,0001	 291,89189
-1,1682129	 -0,0001	 302,7027
-1,1749268	 -0,0001	 313,51351
-1,0754395	 -0,0001	 324,32432
-1,1911011	 -0,0001	 335,13514
-1,1373901	 -0,0001	 345,94595
-1,1752319	 -0,0001	 356,75676
-1,1773682	 -0,0001	 367,56757
-1,0635376	 -0,0001	 378,37838
-1,1907959	 -0,0001	 389,18919
-1,1526489	 -0,0001	 400
-1,1334229	 -0,0001	 410,81081
-1,1868286	 -0,0001	 421,62162
-1,1309814	 -0,0001	 432,43243
-1,1645508	 -0,0001	 443,24324
-1,1798096	 -0,0001	 454,05405
-1,0949707	 -0,0001	 464,86487
-1,1785889	 -0,0001	 475,67568
-1,1743164	 -0,0001	 486,48649
-1,0842896	 -0,0001	 497,2973
-1,1791992	 -0,0001	 508,10811
-1,1669922	 -0,0001	 518,91892
-1,0702515	 -0,0001	 529,72973
-1,1798096	 -0,0001	 540,54054
-1,1700439	 -0,0001	 551,35135
-1,1050415	 -0,0001	 562,16216
-1,1636353	 -0,0001	 572,97297
-1,1749268	 -0,0001	 583,78378
-1,1322021	 -0,0001	 594,59459
-1,1166382	 -0,0001	 605,40541
-1,1862183	 -0,0001	 616,21622
-1,161499	 -0,0001	 627,02703
-1,0614014	 -0,0001	 637,83784
-1,1752319	 -0,0001	 648,64865
-1,171875	 -0,0001	 659,45946
-1,1419678	 -0,0001	 670,27027
-1,0650635	 -0,0001	 681,08108
-1,1813354	 -0,0001	 691,89189
-1,1679077	 -0,0001	 702,7027
-1,1282349	 -0,0001	 713,51351
-1,0992432	 -0,0001	 724,32432
-1,1804199	 -0,0001	 735,13514
-1,1636353	 -0,0001	 745,94595
-1,1242676	 -0,0001	 756,75676
-1,0992432	 -0,0001	 767,56757
-1,1764526	 -0,0001	 778,37838
-1,1685181	 -0,0001	 789,18919
-1,1358643	 -0,0001	 800
-1,0562134	 -0,0001	 810,81081
-1,1703491	 -0,0001	 821,62162
-1,1734009	 -0,0001	 832,43243
-1,1431885	 -0,0001	 843,24324
-1,0995483	 -0,0001	 854,05405
-1,1386108	 -0,0001	 864,86486
-1,1730957	 -0,0001	 875,67568
-1,1465454	 -0,0001	 886,48649
-1,0955811	 -0,0001	 897,2973
-1,1361694	 -0,0001	 908,10811
-1,166687	 -0,0001	 918,91892
-1,1499023	 -0,0001	 929,72973
-1,1047363	 -0,0001	 940,54054
-1,1126709	 -0,0001	 951,35135
-1,1660767	 -0,0001	 962,16216
-1,1587524	 -0,0001	 972,97297
-1,1169434	 -0,0001	 983,78378
-1,0836792	 -0,0001	 994,59459
-1,1557007	 -0,0001	 1005,4054
-1,1541748	 -0,0001	 1016,2162
-1,12854	 -0,0001	 1027,027
-1,0821533	 -0,0001	 1037,8378
-1,1343384	 -0,0001	 1048,6486
-1,1517334	 -0,0001	 1059,4595
-1,1303711	 -0,0001	 1070,2703
-1,0702515	 -0,0001	 1081,0811
-1,1395264	 -0,0001	 1091,8919
-1,151123	 -0,0001	 1102,7027
-1,121521	 -0,0001	 1113,5135
-1,0848999	 -0,0001	 1124,3243
-1,1190796	 -0,0001	 1135,1351
-1,1413574	 -0,0001	 1145,9459
-1,1245728	 -0,0001	 1156,7568
-1,0848999	 -0,0001	 1167,5676
-1,116333	 -0,0001	 1178,3784
-1,1364746	 -0,0001	 1189,1892
-1,116333	 -0,0001	 1200
-1,0882568	 -0,0001	 1210,8108
-1,1001587	 -0,0001	 1221,6216
-1,1242676	 -0,0001	 1232,4324
-1,1120605	 -0,0001	 1243,2432
-1,0964966	 -0,0001	 1254,0541
-1,0968018	 -0,0001	 1264,8649
-1,0946655	 -0,0001	 1275,6757
-1,0931396	 -0,0001	 1286,4865
-1,1184692	 -0,0001	 1297,2973
-1,1206055	 -0,0001	 1308,1081
-1,098938	 -0,0001	 1318,9189
-1,0800171	 -0,0001	 1329,7297
-1,1248779	 -0,0001	 1340,5405
-1,1297607	 -0,0001	 1351,3514
-1,109314	 -0,0001	 1362,1622
-1,0839844	 -0,0001	 1372,973
-1,1029053	 -0,0001	 1383,7838
-1,1102295	 -0,0001	 1394,5946
-1,1010742	 -0,0001	 1405,4054
-1,0855103	 -0,0001	 1416,2162
-1,1096191	 -0,0001	 1427,027
-1,1236572	 -0,0001	 1437,8378
-1,0980225	 -0,0001	 1448,6486
-1,0855103	 -0,0001	 1459,4595
-1,1151123	 -0,0001	 1470,2703
-1,1309814	 -0,0001	 1481,0811
-1,1206055	 -0,0001	 1491,8919
-1,0943604	 -0,0001	 1502,7027
-1,0848999	 -0,0001	 1513,5135
-1,1032104	 -0,0001	 1524,3243
-1,1038208	 -0,0001	 1535,1351
-1,0980225	 -0,0001	 1545,9459
-1,0888672	 -0,0001	 1556,7568
-1,0964966	 -0,0001	 1567,5676
-1,111145	 -0,0001	 1578,3784
-1,1123657	 -0,0001	 1589,1892
-1,1047363	 -0,0001	 1600
-1,0824585	 -0,0001	 1610,8108
-1,0910034	 -0,0001	 1621,6216
-1,1038208	 -0,0001	 1632,4324
-1,1169434	 -0,0001	 1643,2432
-1,1099243	 -0,0001	 1654,0541
-1,0943604	 -0,0001	 1664,8649
-1,0888672	 -0,0001	 1675,6757
-1,1001587	 -0,0001	 1686,4865
-1,1044312	 -0,0001	 1697,2973
-1,0995483	 -0,0001	 1708,1081
-1,0986328	 -0,0001	 1718,9189
-1,0873413	 -0,0001	 1729,7297
-1,0943604	 -0,0001	 1740,5405
-1,1080933	 -0,0001	 1751,3514
-1,1123657	 -0,0001	 1762,1622
-1,1047363	 -0,0001	 1772,973
-1,0983276	 -0,0001	 1783,7838
-1,0824585	 -0,0001	 1794,5946
-1,0925293	 -0,0001	 1805,4054
-1,0971069	 -0,0001	 1816,2162
-1,1004639	 -0,0001	 1827,027
-1,105957	 -0,0001	 1837,8378
-1,1038208	 -0,0001	 1848,6486
-1,1019897	 -0,0001	 1859,4595
-1,1004639	 -0,0001	 1870,2703
-1,088562	 -0,0001	 1881,0811
-1,0998535	 -0,0001	 1891,8919
-1,0824585	 -0,0001	 1902,7027
-1,0949707	 -0,0001	 1913,5135
-1,1151123	 -0,0001	 1924,3243
-1,0958862	 -0,0001	 1935,1351
-1,0910034	 -0,0001	 1945,9459
-1,1001587	 -0,0001	 1956,7568
-1,1080933	 -0,0001	 1967,5676
-1,1090088	 -0,0001	 1978,3784
-1,1026001	 -0,0001	 1989,1892
-1,0958862	 -0,0001	 2000
-1,0971069	 -0,0001	 2010,8108
-1,0934448	 -0,0001	 2021,6216
-1,1013794	 -0,0001	 2032,4324
-1,0876465	 -0,0001	 2043,2432
-1,0870361	 -0,0001	 2054,0541
-1,100769	 -0,0001	 2064,8649
-1,1083984	 -0,0001	 2075,6757
-1,1010742	 -0,0001	 2086,4865
-1,1013794	 -0,0001	 2097,2973
-1,1022949	 -0,0001	 2108,1081
-1,0864258	 -0,0001	 2118,9189
-1,0891724	 -0,0001	 2129,7297
-1,0861206	 -0,0001	 2140,5405
-1,0830688	 -0,0001	 2151,3514
-1,0977173	 -0,0001	 2162,1622
-1,1105347	 -0,0001	 2172,973
-1,1184692	 -0,0001	 2183,7838
-1,109314	 -0,0001	 2194,5946
-1,1013794	 -0,0001	 2205,4054
-1,0964966	 -0,0001	 2216,2162
-1,098938	 -0,0001	 2227,027
-1,1016846	 -0,0001	 2237,8378
-1,1019897	 -0,0001	 2248,6486
-1,0934448	 -0,0001	 2259,4595
-1,0900879	 -0,0001	 2270,2703
-1,1029053	 -0,0001	 2281,0811
-1,109314	 -0,0001	 2291,8919
-1,1117554	 -0,0001	 2302,7027
-1,1074829	 -0,0001	 2313,5135
-1,0998535	 -0,0001	 2324,3243
-1,09375	 -0,0001	 2335,1351
-1,0974121	 -0,0001	 2345,9459
-1,0949707	 -0,0001	 2356,7568
-1,0916138	 -0,0001	 2367,5676
-1,0943604	 -0,0001	 2378,3784
-1,1050415	 -0,0001	 2389,1892
-1,1038208	 -0,0001	 2400
-1,0986328	 -0,0001	 2410,8108
-1,0852051	 -0,0001	 2421,6216
-1,0797119	 -0,0001	 2432,4324
-1,100769	 -0,0001	 2443,2432
-1,1138916	 -0,0001	 2454,0541
-1,1102295	 -0,0001	 2464,8649
-1,1056519	 -0,0001	 2475,6757
-1,1013794	 -0,0001	 2486,4865
-1,1050415	 -0,0001	 2497,2973
-1,1154175	 -0,0001	 2508,1081
-1,1181641	 -0,0001	 2518,9189
-1,100769	 -0,0001	 2529,7297
-1,0958862	 -0,0001	 2540,5405
-1,0961914	 -0,0001	 2551,3514
-1,1029053	 -0,0001	 2562,1622
-1,1062622	 -0,0001	 2572,973
-1,0824585	 -0,0001	 2583,7838
-1,0919189	 -0,0001	 2594,5946
-1,0983276	 -0,0001	 2605,4054
-1,0986328	 -0,0001	 2616,2162
-1,086731	 -0,0001	 2627,027
-1,0836792	 -0,0001	 2637,8378
-1,0934448	 -0,0001	 2648,6486
-1,0922241	 -0,0001	 2659,4595
-1,0919189	 -0,0001	 2670,2703
-1,0946655	 -0,0001	 2681,0811
-1,0955811	 -0,0001	 2691,8919
-1,098938	 -0,0001	 2702,7027
-1,100769	 -0,0001	 2713,5135
-1,1056519	 -0,0001	 2724,3243
-1,1022949	 -0,0001	 2735,1351
-1,0934448	 -0,0001	 2745,9459
-1,0888672	 -0,0001	 2756,7568
-1,0943604	 -0,0001	 2767,5676
-1,0964966	 -0,0001	 2778,3784
-1,0971069	 -0,0001	 2789,1892
-1,0879517	 -0,0001	 2800
-1,0931396	 -0,0001	 2810,8108
-1,0906982	 -0,0001	 2821,6216
-1,100769	 -0,0001	 2832,4324
-1,0913086	 -0,0001	 2843,2432
-1,0925293	 -0,0001	 2854,0541
-1,0809326	 -0,0001	 2864,8649
-1,0888672	 -0,0001	 2875,6757
-1,0897827	 -0,0001	 2886,4865
-1,0784912	 -0,0001	 2897,2973
-1,083374	 -0,0001	 2908,1081
-1,0903931	 -0,0001	 2918,9189
-1,0977173	 -0,0001	 2929,7297
-1,0888672	 -0,0001	 2940,5405
-1,0733032	 -0,0001	 2951,3514
-1,0717773	 -0,0001	 2962,1622
-1,0739136	 -0,0001	 2972,973
-1,0827637	 -0,0001	 2983,7838
-1,0845947	 -0,0001	 2994,5946
-1,0760498	 -0,0001	 3005,4054
-1,0803223	 -0,0001	 3016,2162
-1,0784912	 -0,0001	 3027,027
-1,0870361	 -0,0001	 3037,8378
-1,0882568	 -0,0001	 3048,6486
-1,078186	 -0,0001	 3059,4595
-1,0791016	 -0,0001	 3070,2703
-1,0803223	 -0,0001	 3081,0811
-1,0809326	 -0,0001	 3091,8919
-1,0693359	 -0,0001	 3102,7027
-1,0610962	 -0,0001	 3113,5135
-1,0705566	 -0,0001	 3124,3243
-1,0723877	 -0,0001	 3135,1351
-1,0696411	 -0,0001	 3145,9459
-1,078186	 -0,0001	 3156,7568
-1,0794067	 -0,0001	 3167,5676
-1,071167	 -0,0001	 3178,3784
-1,0668945	 -0,0001	 3189,1892
-1,0653687	 -0,0001	 3200
-1,065979	 -0,0001	 3210,8108
-1,0723877	 -0,0001	 3221,6216
-1,0766602	 -0,0001	 3232,4324
-1,0775757	 -0,0001	 3243,2432
-1,0723877	 -0,0001	 3254,0541
-1,0641479	 -0,0001	 3264,8649
-1,0614014	 -0,0001	 3275,6757
-1,0656738	 -0,0001	 3286,4865
-1,060791	 -0,0001	 3297,2973
-1,0586548	 -0,0001	 3308,1081
-1,0665894	 -0,0001	 3318,9189
-1,0668945	 -0,0001	 3329,7297
-1,071167	 -0,0001	 3340,5405
-1,0769653	 -0,0001	 3351,3514
-1,0693359	 -0,0001	 3362,1622
-1,0614014	 -0,0001	 3372,973
-1,0623169	 -0,0001	 3383,7838
-1,0696411	 -0,0001	 3394,5946
-1,0736084	 -0,0001	 3405,4054
-1,0748291	 -0,0001	 3416,2162
-1,0580444	 -0,0001	 3427,027
-1,0678101	 -0,0001	 3437,8378
-1,0800171	 -0,0001	 3448,6486
-1,0726929	 -0,0001	 3459,4595
-1,0665894	 -0,0001	 3470,2703
-1,0559082	 -0,0001	 3481,0811
-1,0528564	 -0,0001	 3491,8919
-1,0479736	 -0,0001	 3502,7027
-1,0488892	 -0,0001	 3513,5135
-1,0565186	 -0,0001	 3524,3243
-1,0675049	 -0,0001	 3535,1351
-1,0681152	 -0,0001	 3545,9459
-1,060791	 -0,0001	 3556,7568
-1,0632324	 -0,0001	 3567,5676
-1,0595703	 -0,0001	 3578,3784
-1,0620117	 -0,0001	 3589,1892
-1,05896	 -0,0001	 3600
-1,0684204	 -0,0001	 3610,8108
-1,076355	 -0,0001	 3621,6216
-1,0699463	 -0,0001	 3632,4324
-1,071167	 -0,0001	 3643,2432
-1,065979	 -0,0001	 3654,0541
-1,0559082	 -0,0001	 3664,8649
-1,0565186	 -0,0001	 3675,6757
-1,0623169	 -0,0001	 3686,4865
-1,065979	 -0,0001	 3697,2973
-1,0714722	 -0,0001	 3708,1081
-1,0665894	 -0,0001	 3718,9189
-1,0568237	 -0,0001	 3729,7297
-1,0644531	 -0,0001	 3740,5405
-1,0610962	 -0,0001	 3751,3514
-1,0568237	 -0,0001	 3762,1622
-1,0601807	 -0,0001	 3772,973
-1,0525513	 -0,0001	 3783,7838
-1,0626221	 -0,0001	 3794,5946
-1,0675049	 -0,0001	 3805,4054
-1,0656738	 -0,0001	 3816,2162
-1,0641479	 -0,0001	 3827,027
-1,0604858	 -0,0001	 3837,8378
-1,0635376	 -0,0001	 3848,6486
-1,0623169	 -0,0001	 3859,4595
-1,0662842	 -0,0001	 3870,2703
-1,0668945	 -0,0001	 3881,0811
-1,0644531	 -0,0001	 3891,8919
-1,0653687	 -0,0001	 3902,7027
-1,0675049	 -0,0001	 3913,5135
-1,078186	 -0,0001	 3924,3243
-1,0705566	 -0,0001	 3935,1351
-1,0568237	 -0,0001	 3945,9459
-1,0586548	 -0,0001	 3956,7568
-1,0671997	 -0,0001	 3967,5676
-1,0653687	 -0,0001	 3978,3784
-1,0586548	 -0,0001	 3989,1892
-1,0668945	 -0,0001	 4000
-1,0726929	 -0,0001	 4010,8108
-1,0714722	 -0,0001	 4021,6216
-1,0778809	 -0,0001	 4032,4324
-1,0745239	 -0,0001	 4043,2432
-1,0733032	 -0,0001	 4054,0541
-1,0791016	 -0,0001	 4064,8649
-1,0766602	 -0,0001	 4075,6757
-1,0668945	 -0,0001	 4086,4865
-1,0726929	 -0,0001	 4097,2973
-1,0687256	 -0,0001	 4108,1081
-1,0736084	 -0,0001	 4118,9189
-1,0714722	 -0,0001	 4129,7297
-1,0592651	 -0,0001	 4140,5405
-1,0604858	 -0,0001	 4151,3514
-1,0626221	 -0,0001	 4162,1622
-1,0604858	 -0,0001	 4172,973
-1,0610962	 -0,0001	 4183,7838
-1,0726929	 -0,0001	 4194,5946
-1,0748291	 -0,0001	 4205,4054
-1,0662842	 -0,0001	 4216,2162
-1,0644531	 -0,0001	 4227,027
-1,0684204	 -0,0001	 4237,8378
-1,0653687	 -0,0001	 4248,6486
-1,0778809	 -0,0001	 4259,4595
-1,0696411	 -0,0001	 4270,2703
-1,0693359	 -0,0001	 4281,0811
-1,0681152	 -0,0001	 4291,8919
-1,0671997	 -0,0001	 4302,7027
-1,0681152	 -0,0001	 4313,5135
-1,0726929	 -0,0001	 4324,3243
-1,0647583	 -0,0001	 4335,1351
-1,0690308	 -0,0001	 4345,9459
-1,0702515	 -0,0001	 4356,7568
-1,0726929	 -0,0001	 4367,5676
-1,0617065	 -0,0001	 4378,3784
-1,0577393	 -0,0001	 4389,1892
-1,0543823	 -0,0001	 4400
-1,0595703	 -0,0001	 4410,8108
-1,065979	 -0,0001	 4421,6216
-1,0601807	 -0,0001	 4432,4324
-1,0516357	 -0,0001	 4443,2432
-1,0656738	 -0,0001	 4454,0541
-1,076355	 -0,0001	 4464,8649
-1,0671997	 -0,0001	 4475,6757
-1,0598755	 -0,0001	 4486,4865
-1,0623169	 -0,0001	 4497,2973
-1,0644531	 -0,0001	 4508,1081
-1,0592651	 -0,0001	 4518,9189
-1,0516357	 -0,0001	 4529,7297
-1,0455322	 -0,0001	 4540,5405
-1,0443115	 -0,0001	 4551,3514
-1,0571289	 -0,0001	 4562,1622
-1,0739136	 -0,0001	 4572,973
-1,0699463	 -0,0001	 4583,7838
-1,0598755	 -0,0001	 4594,5946
-1,0632324	 -0,0001	 4605,4054
-1,0623169	 -0,0001	 4616,2162
-1,0565186	 -0,0001	 4627,027
-1,0519409	 -0,0001	 4637,8378
-1,0494995	 -0,0001	 4648,6486
-1,0598755	 -0,0001	 4659,4595
-1,0601807	 -0,0001	 4670,2703
-1,0568237	 -0,0001	 4681,0811
-1,0540771	 -0,0001	 4691,8919
-1,0598755	 -0,0001	 4702,7027
-1,0632324	 -0,0001	 4713,5135
-1,0644531	 -0,0001	 4724,3243
-1,0610962	 -0,0001	 4735,1351
-1,0647583	 -0,0001	 4745,9459
-1,0644531	 -0,0001	 4756,7568
-1,0522461	 -0,0001	 4767,5676
-1,0549927	 -0,0001	 4778,3784
-1,0604858	 -0,0001	 4789,1892
-1,0595703	 -0,0001	 4800
-1,0629272	 -0,0001	 4810,8108
-1,0626221	 -0,0001	 4821,6216
-1,0583496	 -0,0001	 4832,4324
-1,0562134	 -0,0001	 4843,2432
-1,0552979	 -0,0001	 4854,0541
-1,0595703	 -0,0001	 4864,8649
-1,05896	 -0,0001	 4875,6757
-1,0583496	 -0,0001	 4886,4865
-1,05896	 -0,0001	 4897,2973
-1,0571289	 -0,0001	 4908,1081
-1,0583496	 -0,0001	 4918,9189
-1,0617065	 -0,0001	 4929,7297
-1,0528564	 -0,0001	 4940,5405
-1,0427856	 -0,0001	 4951,3514
-1,0525513	 -0,0001	 4962,1622
-1,0601807	 -0,0001	 4972,973
-1,0559082	 -0,0001	 4983,7838
-1,0626221	 -0,0001	 4994,5946
-1,0626221	 -0,0001	 5005,4054
-1,0568237	 -0,0001	 5016,2162
-1,0498047	 -0,0001	 5027,027
-1,0534668	 -0,0001	 5037,8378
-1,0580444	 -0,0001	 5048,6486
-1,0604858	 -0,0001	 5059,4595
-1,0525513	 -0,0001	 5070,2703
-1,0586548	 -0,0001	 5081,0811
-1,0549927	 -0,0001	 5091,8919
-1,0531616	 -0,0001	 5102,7027
-1,0592651	 -0,0001	 5113,5135
-1,0534668	 -0,0001	 5124,3243
-1,0549927	 -0,0001	 5135,1351
-1,0446167	 -0,0001	 5145,9459
-1,0482788	 -0,0001	 5156,7568
-1,053772	 -0,0001	 5167,5676
-1,0452271	 -0,0001	 5178,3784
-1,0519409	 -0,0001	 5189,1892
-1,0464478	 -0,0001	 5200
-1,0437012	 -0,0001	 5210,8108
-1,0427856	 -0,0001	 5221,6216
-1,0498047	 -0,0001	 5232,4324
-1,0498047	 -0,0001	 5243,2432
-1,0452271	 -0,0001	 5254,0541
-1,0452271	 -0,0001	 5264,8649
-1,0543823	 -0,0001	 5275,6757
-1,053772	 -0,0001	 5286,4865
-1,0491943	 -0,0001	 5297,2973
-1,0513306	 -0,0001	 5308,1081
-1,0565186	 -0,0001	 5318,9189
-1,0598755	 -0,0001	 5329,7297
-1,0629272	 -0,0001	 5340,5405
-1,0546875	 -0,0001	 5351,3514
-1,0421753	 -0,0001	 5362,1622
-1,0476685	 -0,0001	 5372,973
-1,0549927	 -0,0001	 5383,7838
-1,0546875	 -0,0001	 5394,5946
-1,0577393	 -0,0001	 5405,4054
-1,0617065	 -0,0001	 5416,2162
-1,0488892	 -0,0001	 5427,027
-1,0427856	 -0,0001	 5437,8378
-1,050415	 -0,0001	 5448,6486
-1,0586548	 -0,0001	 5459,4595
-1,0586548	 -0,0001	 5470,2703
-1,0583496	 -0,0001	 5481,0811
-1,0516357	 -0,0001	 5491,8919
-1,0430908	 -0,0001	 5502,7027
-1,0449219	 -0,0001	 5513,5135
-1,0458374	 -0,0001	 5524,3243
-1,0494995	 -0,0001	 5535,1351
-1,0479736	 -0,0001	 5545,9459
-1,0421753	 -0,0001	 5556,7568
-1,0482788	 -0,0001	 5567,5676
-1,0568237	 -0,0001	 5578,3784
-1,0626221	 -0,0001	 5589,1892
-1,0543823	 -0,0001	 5600
-1,0595703	 -0,0001	 5610,8108
-1,0592651	 -0,0001	 5621,6216
-1,0620117	 -0,0001	 5632,4324
-1,0568237	 -0,0001	 5643,2432
-1,0470581	 -0,0001	 5654,0541
-1,0476685	 -0,0001	 5664,8649
-1,0513306	 -0,0001	 5675,6757
-1,043396	 -0,0001	 5686,4865
-1,0415649	 -0,0001	 5697,2973
-1,0525513	 -0,0001	 5708,1081
-1,0525513	 -0,0001	 5718,9189
-1,0455322	 -0,0001	 5729,7297
-1,0519409	 -0,0001	 5740,5405
-1,0528564	 -0,0001	 5751,3514
-1,0461426	 -0,0001	 5762,1622
-1,0546875	 -0,0001	 5772,973
-1,0525513	 -0,0001	 5783,7838
-1,0507202	 -0,0001	 5794,5946
-1,0610962	 -0,0001	 5805,4054
-1,0629272	 -0,0001	 5816,2162
-1,0626221	 -0,0001	 5827,027
-1,0592651	 -0,0001	 5837,8378
-1,0516357	 -0,0001	 5848,6486
-1,05896	 -0,0001	 5859,4595
-1,0610962	 -0,0001	 5870,2703
-1,0693359	 -0,0001	 5881,0811
-1,0693359	 -0,0001	 5891,8919
-1,0647583	 -0,0001	 5902,7027
-1,0601807	 -0,0001	 5913,5135
-1,05896	 -0,0001	 5924,3243
-1,0595703	 -0,0001	 5935,1351
-1,0693359	 -0,0001	 5945,9459
-1,0708618	 -0,0001	 5956,7568
-1,05896	 -0,0001	 5967,5676
-1,0473633	 -0,0001	 5978,3784
-1,0473633	 -0,0001	 5989,1892
-1,0473633	 -0,0001	 6000
-1,0568237	 -0,0001	 6010,8108
-1,0531616	 -0,0001	 6021,6216
-1,0482788	 -0,0001	 6032,4324
-1,0525513	 -0,0001	 6043,2432
-1,0470581	 -0,0001	 6054,0541
-1,0519409	 -0,0001	 6064,8649
-1,0501099	 -0,0001	 6075,6757
-1,0446167	 -0,0001	 6086,4865
-1,0549927	 -0,0001	 6097,2973
-1,0629272	 -0,0001	 6108,1081
-1,0617065	 -0,0001	 6118,9189
-1,0617065	 -0,0001	 6129,7297
-1,0549927	 -0,0001	 6140,5405
-1,0476685	 -0,0001	 6151,3514
-1,0540771	 -0,0001	 6162,1622
-1,055603	 -0,0001	 6172,973
-1,0571289	 -0,0001	 6183,7838
-1,0528564	 -0,0001	 6194,5946
-1,0473633	 -0,0001	 6205,4054
-1,0427856	 -0,0001	 6216,2162
-1,0467529	 -0,0001	 6227,027
-1,0540771	 -0,0001	 6237,8378
-1,0534668	 -0,0001	 6248,6486
-1,0494995	 -0,0001	 6259,4595
-1,0571289	 -0,0001	 6270,2703
-1,0620117	 -0,0001	 6281,0811
-1,0565186	 -0,0001	 6291,8919
-1,0577393	 -0,0001	 6302,7027
-1,0559082	 -0,0001	 6313,5135
-1,053772	 -0,0001	 6324,3243
-1,0479736	 -0,0001	 6335,1351
-1,0519409	 -0,0001	 6345,9459
-1,0540771	 -0,0001	 6356,7568
-1,0562134	 -0,0001	 6367,5676
-1,0568237	 -0,0001	 6378,3784
-1,0491943	 -0,0001	 6389,1892
-1,043396	 -0,0001	 6400
-1,0427856	 -0,0001	 6410,8108
-1,0565186	 -0,0001	 6421,6216
-1,0595703	 -0,0001	 6432,4324
-1,0601807	 -0,0001	 6443,2432
-1,0583496	 -0,0001	 6454,0541
-1,0501099	 -0,0001	 6464,8649
-1,0498047	 -0,0001	 6475,6757
-1,0415649	 -0,0001	 6486,4865
-1,0455322	 -0,0001	 6497,2973
-1,0458374	 -0,0001	 6508,1081
-1,0473633	 -0,0001	 6518,9189
-1,0464478	 -0,0001	 6529,7297
-1,0449219	 -0,0001	 6540,5405
-1,0403442	 -0,0001	 6551,3514
-1,0391235	 -0,0001	 6562,1622
-1,0458374	 -0,0001	 6572,973
-1,053772	 -0,0001	 6583,7838
-1,0494995	 -0,0001	 6594,5946
-1,0568237	 -0,0001	 6605,4054
-1,0552979	 -0,0001	 6616,2162
-1,0488892	 -0,0001	 6627,027
-1,0552979	 -0,0001	 6637,8378
-1,0540771	 -0,0001	 6648,6486
-1,0507202	 -0,0001	 6659,4595
-1,0491943	 -0,0001	 6670,2703
-1,0430908	 -0,0001	 6681,0811
-1,0482788	 -0,0001	 6691,8919
-1,043396	 -0,0001	 6702,7027
-1,0549927	 -0,0001	 6713,5135
-1,0559082	 -0,0001	 6724,3243
-1,0571289	 -0,0001	 6735,1351
-1,0482788	 -0,0001	 6745,9459
-1,043396	 -0,0001	 6756,7568
-1,0449219	 -0,0001	 6767,5676
-1,0574341	 -0,0001	 6778,3784
-1,0592651	 -0,0001	 6789,1892
-1,0574341	 -0,0001	 6800
-1,0534668	 -0,0001	 6810,8108
-1,0626221	 -0,0001	 6821,6216
-1,0565186	 -0,0001	 6832,4324
-1,05896	 -0,0001	 6843,2432
-1,0595703	 -0,0001	 6854,0541
-1,0562134	 -0,0001	 6864,8649
-1,0601807	 -0,0001	 6875,6757
-1,0638428	 -0,0001	 6886,4865
-1,05896	 -0,0001	 6897,2973
-1,0531616	 -0,0001	 6908,1081
-1,0415649	 -0,0001	 6918,9189
-1,0421753	 -0,0001	 6929,7297
-1,0491943	 -0,0001	 6940,5405
-1,0610962	 -0,0001	 6951,3514
-1,0745239	 -0,0001	 6962,1622
-1,0687256	 -0,0001	 6972,973
-1,0571289	 -0,0001	 6983,7838
-1,0516357	 -0,0001	 6994,5946
-1,053772	 -0,0001	 7005,4054
-1,0644531	 -0,0001	 7016,2162
-1,0687256	 -0,0001	 7027,027
-1,0696411	 -0,0001	 7037,8378
-1,0736084	 -0,0001	 7048,6486
-1,0714722	 -0,0001	 7059,4595
-1,0635376	 -0,0001	 7070,2703
-1,0662842	 -0,0001	 7081,0811
-1,0583496	 -0,0001	 7091,8919
-1,0577393	 -0,0001	 7102,7027
-1,05896	 -0,0001	 7113,5135
-1,0598755	 -0,0001	 7124,3243
-1,050415	 -0,0001	 7135,1351
-1,0482788	 -0,0001	 7145,9459
-1,0446167	 -0,0001	 7156,7568
-1,053772	 -0,0001	 7167,5676
-1,0543823	 -0,0001	 7178,3784
-1,0488892	 -0,0001	 7189,1892
-1,0531616	 -0,0001	 7200
-1,0519409	 -0,0001	 7210,8108
-1,0443115	 -0,0001	 7221,6216
-1,0424805	 -0,0001	 7232,4324
-1,0476685	 -0,0001	 7243,2432
-1,0534668	 -0,0001	 7254,0541
-1,0510254	 -0,0001	 7264,8649
-1,0437012	 -0,0001	 7275,6757
-1,0476685	 -0,0001	 7286,4865
-1,0494995	 -0,0001	 7297,2973
-1,0513306	 -0,0001	 7308,1081
-1,055603	 -0,0001	 7318,9189
-1,055603	 -0,0001	 7329,7297
-1,0498047	 -0,0001	 7340,5405
-1,0427856	 -0,0001	 7351,3514
-1,0418701	 -0,0001	 7362,1622
-1,0412598	 -0,0001	 7372,973
-1,0476685	 -0,0001	 7383,7838
-1,0513306	 -0,0001	 7394,5946
-1,0498047	 -0,0001	 7405,4054
-1,0501099	 -0,0001	 7416,2162
-1,0592651	 -0,0001	 7427,027
-1,0601807	 -0,0001	 7437,8378
-1,0580444	 -0,0001	 7448,6486
-1,0614014	 -0,0001	 7459,4595
-1,0678101	 -0,0001	 7470,2703
-1,0641479	 -0,0001	 7481,0811
-1,0668945	 -0,0001	 7491,8919
-1,0595703	 -0,0001	 7502,7027
-1,0629272	 -0,0001	 7513,5135
-1,0690308	 -0,0001	 7524,3243
-1,0638428	 -0,0001	 7535,1351
-1,0675049	 -0,0001	 7545,9459
-1,0733032	 -0,0001	 7556,7568
-1,0754395	 -0,0001	 7567,5676
-1,0714722	 -0,0001	 7578,3784
-1,0699463	 -0,0001	 7589,1892
-1,0653687	 -0,0001	 7600
-1,0647583	 -0,0001	 7610,8108
-1,0787964	 -0,0001	 7621,6216
-1,065979	 -0,0001	 7632,4324
-1,0610962	 -0,0001	 7643,2432
-1,0580444	 -0,0001	 7654,0541
-1,0586548	 -0,0001	 7664,8649
-1,0641479	 -0,0001	 7675,6757
-1,0699463	 -0,0001	 7686,4865
-1,0647583	 -0,0001	 7697,2973
-1,0620117	 -0,0001	 7708,1081
-1,0623169	 -0,0001	 7718,9189
-1,065979	 -0,0001	 7729,7297
-1,0552979	 -0,0001	 7740,5405
-1,0577393	 -0,0001	 7751,3514
-1,053772	 -0,0001	 7762,1622
-1,0629272	 -0,0001	 7772,973
-1,0565186	 -0,0001	 7783,7838
-1,0543823	 -0,0001	 7794,5946
-1,0464478	 -0,0001	 7805,4054
-1,0461426	 -0,0001	 7816,2162
-1,0494995	 -0,0001	 7827,027
-1,0519409	 -0,0001	 7837,8378
-1,0687256	 -0,0001	 7848,6486
-1,0705566	 -0,0001	 7859,4595
-1,0562134	 -0,0001	 7870,2703
-1,0464478	 -0,0001	 7881,0811
-1,0470581	 -0,0001	 7891,8919
-1,0565186	 -0,0001	 7902,7027
-1,0662842	 -0,0001	 7913,5135
-1,0681152	 -0,0001	 7924,3243
-1,0641479	 -0,0001	 7935,1351
-1,0519409	 -0,0001	 7945,9459
-1,0534668	 -0,0001	 7956,7568
-1,0577393	 -0,0001	 7967,5676
-1,0516357	 -0,0001	 7978,3784
-1,0501099	 -0,0001	 7989,1892
-1,0443115	 -0,0001	 8000
-1,0494995	 -0,0001	 8010,8108
-1,0482788	 -0,0001	 8021,6216
-1,0498047	 -0,0001	 8032,4324
-1,0473633	 -0,0001	 8043,2432
-1,0476685	 -0,0001	 8054,0541
-1,0479736	 -0,0001	 8064,8649
-1,0534668	 -0,0001	 8075,6757
-1,060791	 -0,0001	 8086,4865
-1,0653687	 -0,0001	 8097,2973
-1,0675049	 -0,0001	 8108,1081
-1,0620117	 -0,0001	 8118,9189
-1,0610962	 -0,0001	 8129,7297
-1,05896	 -0,0001	 8140,5405
-1,0491943	 -0,0001	 8151,3514
-1,0592651	 -0,0001	 8162,1622
-1,0687256	 -0,0001	 8172,973
-1,0620117	 -0,0001	 8183,7838
-1,072998	 -0,0001	 8194,5946
-1,0647583	 -0,0001	 8205,4054
-1,0540771	 -0,0001	 8216,2162
-1,055603	 -0,0001	 8227,027
-1,0647583	 -0,0001	 8237,8378
-1,0662842	 -0,0001	 8248,6486
-1,0653687	 -0,0001	 8259,4595
-1,0708618	 -0,0001	 8270,2703
-1,0733032	 -0,0001	 8281,0811
-1,0748291	 -0,0001	 8291,8919
-1,0678101	 -0,0001	 8302,7027
-1,0650635	 -0,0001	 8313,5135
-1,0644531	 -0,0001	 8324,3243
-1,065979	 -0,0001	 8335,1351
-1,0614014	 -0,0001	 8345,9459
-1,0577393	 -0,0001	 8356,7568
-1,0620117	 -0,0001	 8367,5676
-1,0668945	 -0,0001	 8378,3784
-1,0671997	 -0,0001	 8389,1892
-1,0653687	 -0,0001	 8400
-1,0665894	 -0,0001	 8410,8108
-1,0690308	 -0,0001	 8421,6216
-1,0717773	 -0,0001	 8432,4324
-1,0809326	 -0,0001	 8443,2432
-1,0803223	 -0,0001	 8454,0541
-1,0739136	 -0,0001	 8464,8649
-1,0760498	 -0,0001	 8475,6757
-1,0751343	 -0,0001	 8486,4865
-1,072998	 -0,0001	 8497,2973
-1,0742188	 -0,0001	 8508,1081
-1,0699463	 -0,0001	 8518,9189
-1,053772	 -0,0001	 8529,7297
-1,0601807	 -0,0001	 8540,5405
-1,0653687	 -0,0001	 8551,3514
-1,0647583	 -0,0001	 8562,1622
-1,0620117	 -0,0001	 8572,973
-1,0583496	 -0,0001	 8583,7838
-1,0513306	 -0,0001	 8594,5946
-1,0546875	 -0,0001	 8605,4054
-1,05896	 -0,0001	 8616,2162
-1,0620117	 -0,0001	 8627,027
-1,0604858	 -0,0001	 8637,8378
-1,0574341	 -0,0001	 8648,6486
-1,0598755	 -0,0001	 8659,4595
-1,0583496	 -0,0001	 8670,2703
-1,0516357	 -0,0001	 8681,0811
-1,055603	 -0,0001	 8691,8919
-1,0620117	 -0,0001	 8702,7027
-1,0595703	 -0,0001	 8713,5135
-1,0583496	 -0,0001	 8724,3243
-1,0577393	 -0,0001	 8735,1351
-1,0525513	 -0,0001	 8745,9459
-1,0461426	 -0,0001	 8756,7568
-1,0531616	 -0,0001	 8767,5676
-1,0531616	 -0,0001	 8778,3784
-1,0528564	 -0,0001	 8789,1892
-1,050415	 -0,0001	 8800
-1,0461426	 -0,0001	 8810,8108
-1,055603	 -0,0001	 8821,6216
-1,0543823	 -0,0001	 8832,4324
-1,0528564	 -0,0001	 8843,2432
-1,0482788	 -0,0001	 8854,0541
-1,0498047	 -0,0001	 8864,8649
-1,0525513	 -0,0001	 8875,6757
-1,0534668	 -0,0001	 8886,4865
-1,0522461	 -0,0001	 8897,2973
-1,0443115	 -0,0001	 8908,1081
-1,0430908	 -0,0001	 8918,9189
-1,0470581	 -0,0001	 8929,7297
-1,0476685	 -0,0001	 8940,5405
-1,0540771	 -0,0001	 8951,3514
-1,0571289	 -0,0001	 8962,1622
-1,0549927	 -0,0001	 8972,973
-1,0559082	 -0,0001	 8983,7838
-1,0565186	 -0,0001	 8994,5946
-1,0601807	 -0,0001	 9005,4054
-1,0568237	 -0,0001	 9016,2162
-1,0513306	 -0,0001	 9027,027
-1,0470581	 -0,0001	 9037,8378
-1,0467529	 -0,0001	 9048,6486
-1,0482788	 -0,0001	 9059,4595
-1,0528564	 -0,0001	 9070,2703
-1,0501099	 -0,0001	 9081,0811
-1,0516357	 -0,0001	 9091,8919
-1,0699463	 -0,0001	 9102,7027
-1,0824585	 -0,0001	 9113,5135
-1,0800171	 -0,0001	 9124,3243
-1,0742188	 -0,0001	 9135,1351
-1,0678101	 -0,0001	 9145,9459
-1,065979	 -0,0001	 9156,7568
-1,0736084	 -0,0001	 9167,5676
-1,0684204	 -0,0001	 9178,3784
-1,0644531	 -0,0001	 9189,1892
-1,0754395	 -0,0001	 9200
-1,0818481	 -0,0001	 9210,8108
-1,0772705	 -0,0001	 9221,6216
-1,0696411	 -0,0001	 9232,4324
-1,0638428	 -0,0001	 9243,2432
-1,0598755	 -0,0001	 9254,0541
-1,0580444	 -0,0001	 9264,8649
-1,0546875	 -0,0001	 9275,6757
-1,0522461	 -0,0001	 9286,4865
-1,0534668	 -0,0001	 9297,2973
-1,0507202	 -0,0001	 9308,1081
-1,0473633	 -0,0001	 9318,9189
-1,0391235	 -0,0001	 9329,7297
-1,0470581	 -0,0001	 9340,5405
-1,0437012	 -0,0001	 9351,3514
-1,0418701	 -0,0001	 9362,1622
-1,0440063	 -0,0001	 9372,973
-1,0494995	 -0,0001	 9383,7838
-1,0534668	 -0,0001	 9394,5946
-1,0498047	 -0,0001	 9405,4054
-1,0437012	 -0,0001	 9416,2162
-1,053772	 -0,0001	 9427,027
-1,0516357	 -0,0001	 9437,8378
-1,0546875	 -0,0001	 9448,6486
-1,0418701	 -0,0001	 9459,4595
-1,0391235	 -0,0001	 9470,2703
-1,0455322	 -0,0001	 9481,0811
-1,0510254	 -0,0001	 9491,8919
-1,0534668	 -0,0001	 9502,7027
-1,0568237	 -0,0001	 9513,5135
-1,0501099	 -0,0001	 9524,3243
-1,0467529	 -0,0001	 9535,1351
-1,0461426	 -0,0001	 9545,9459
-1,0388184	 -0,0001	 9556,7568
-1,0479736	 -0,0001	 9567,5676
-1,0464478	 -0,0001	 9578,3784
-1,0430908	 -0,0001	 9589,1892
-1,0458374	 -0,0001	 9600
-1,0443115	 -0,0001	 9610,8108
-1,0461426	 -0,0001	 9621,6216
-1,050415	 -0,0001	 9632,4324
-1,0406494	 -0,0001	 9643,2432
-1,0415649	 -0,0001	 9654,0541
-1,0464478	 -0,0001	 9664,8649
-1,0491943	 -0,0001	 9675,6757
-1,0531616	 -0,0001	 9686,4865
-1,0513306	 -0,0001	 9697,2973
-1,0522461	 -0,0001	 9708,1081
-1,0583496	 -0,0001	 9718,9189
-1,053772	 -0,0001	 9729,7297
-1,0501099	 -0,0001	 9740,5405
-1,0464478	 -0,0001	 9751,3514
-1,0412598	 -0,0001	 9762,1622
-1,0455322	 -0,0001	 9772,973
-1,0510254	 -0,0001	 9783,7838
-1,0580444	 -0,0001	 9794,5946
-1,0690308	 -0,0001	 9805,4054
-1,0720825	 -0,0001	 9816,2162
-1,0684204	 -0,0001	 9827,027
-1,076355	 -0,0001	 9837,8378
-1,0772705	 -0,0001	 9848,6486
-1,0668945	 -0,0001	 9859,4595
-1,0690308	 -0,0001	 9870,2703
-1,0733032	 -0,0001	 9881,0811
-1,0720825	 -0,0001	 9891,8919
-1,0549927	 -0,0001	 9902,7027
-1,0565186	 -0,0001	 9913,5135
-1,0586548	 -0,0001	 9924,3243
-1,0720825	 -0,0001	 9935,1351
-1,0662842	 -0,0001	 9945,9459
-1,0598755	 -0,0001	 9956,7568
-1,0549927	 -0,0001	 9967,5676
-1,0583496	 -0,0001	 9978,3784
-1,0586548	 -0,0001	 9989,1892
-1,0525513	 -0,0001	 10000
-1,0620117	 -0,0001	 10010,811
-1,0629272	 -0,0001	 10021,622
-1,0620117	 -0,0001	 10032,432
-1,0632324	 -0,0001	 10043,243
-1,0534668	 -0,0001	 10054,054
-1,043396	 -0,0001	 10064,865
-1,0415649	 -0,0001	 10075,676
-1,0446167	 -0,0001	 10086,486
-1,0531616	 -0,0001	 10097,297
-1,0586548	 -0,0001	 10108,108
-1,0617065	 -0,0001	 10118,919
-1,0601807	 -0,0001	 10129,73
-1,0479736	 -0,0001	 10140,541
-1,0565186	 -0,0001	 10151,351
-1,0620117	 -0,0001	 10162,162
-1,055603	 -0,0001	 10172,973
-1,0525513	 -0,0001	 10183,784
-1,060791	 -0,0001	 10194,595
-1,0583496	 -0,0001	 10205,405
-1,0632324	 -0,0001	 10216,216
-1,0647583	 -0,0001	 10227,027
-1,0571289	 -0,0001	 10237,838
-1,0491943	 -0,0001	 10248,649
-1,0516357	 -0,0001	 10259,459
-1,0507202	 -0,0001	 10270,27
-1,0516357	 -0,0001	 10281,081
-1,055603	 -0,0001	 10291,892
-1,0501099	 -0,0001	 10302,703
-1,0519409	 -0,0001	 10313,514
-1,0571289	 -0,0001	 10324,324
-1,0592651	 -0,0001	 10335,135
-1,0592651	 -0,0001	 10345,946
-1,0534668	 -0,0001	 10356,757
-1,050415	 -0,0001	 10367,568
-1,0540771	 -0,0001	 10378,378
-1,0549927	 -0,0001	 10389,189
-1,0595703	 -0,0001	 10400
-1,0592651	 -0,0001	 10410,811
-1,0549927	 -0,0001	 10421,622
-1,053772	 -0,0001	 10432,432
-1,0562134	 -0,0001	 10443,243
-1,0546875	 -0,0001	 10454,054
-1,0510254	 -0,0001	 10464,865
-1,0583496	 -0,0001	 10475,676
-1,0632324	 -0,0001	 10486,486
-1,0662842	 -0,0001	 10497,297
-1,0626221	 -0,0001	 10508,108
-1,0592651	 -0,0001	 10518,919
-1,0546875	 -0,0001	 10529,73
-1,0494995	 -0,0001	 10540,541
-1,0516357	 -0,0001	 10551,351
-1,0568237	 -0,0001	 10562,162
-1,055603	 -0,0001	 10572,973
-1,0583496	 -0,0001	 10583,784
-1,0568237	 -0,0001	 10594,595
-1,0580444	 -0,0001	 10605,405
-1,0620117	 -0,0001	 10616,216
-1,0592651	 -0,0001	 10627,027
-1,0604858	 -0,0001	 10637,838
-1,0614014	 -0,0001	 10648,649
-1,0614014	 -0,0001	 10659,459
-1,0549927	 -0,0001	 10670,27
-1,0522461	 -0,0001	 10681,081
-1,055603	 -0,0001	 10691,892
-1,0452271	 -0,0001	 10702,703
-1,0421753	 -0,0001	 10713,514
-1,0421753	 -0,0001	 10724,324
-1,0443115	 -0,0001	 10735,135
-1,0568237	 -0,0001	 10745,946
-1,05896	 -0,0001	 10756,757
-1,0650635	 -0,0001	 10767,568
-1,0617065	 -0,0001	 10778,378
-1,0592651	 -0,0001	 10789,189
-1,0568237	 -0,0001	 10800
