Potential (V)	 Current (A)	 Elapsed Time (s)
-0,909729	 0	 -7,2072073
-0,85876465	 -0,0001	 0
-0,9286499	 -0,0001	 7,2072073
-0,96130371	 -0,0001	 14,414415
-0,97351074	 -0,0001	 21,621621
-0,97961426	 -0,0001	 28,828829
-0,97991943	 -0,0001	 36,036036
-0,98144531	 -0,0001	 43,243243
-0,98175049	 -0,0001	 50,450451
-0,98236084	 -0,0001	 57,657658
-0,98144531	 -0,0001	 64,864865
-0,98205566	 -0,0001	 72,072072
-0,98266602	 -0,0001	 79,279279
-0,98327637	 -0,0001	 86,486486
-0,98358154	 -0,0001	 93,693694
-0,98327637	 -0,0001	 100,9009
-0,98175049	 -0,0001	 108,10811
-0,98205566	 -0,0001	 115,31532
-0,98236084	 -0,0001	 122,52252
-0,98144531	 -0,0001	 129,72973
-0,98205566	 -0,0001	 136,93694
-0,98205566	 -0,0001	 144,14414
-0,98205566	 -0,0001	 151,35135
-0,98114014	 -0,0001	 158,55856
-0,98205566	 -0,0001	 165,76577
-0,98114014	 -0,0001	 172,97297
-0,98022461	 -0,0001	 180,18018
-0,97869873	 -0,0001	 187,38739
-0,97930908	 -0,0001	 194,59459
-0,97930908	 -0,0001	 201,8018
-0,97961426	 -0,0001	 209,00901
-0,98114014	 -0,0001	 216,21622
-0,98083496	 -0,0001	 223,42342
-0,97961426	 -0,0001	 230,63063
-0,97900391	 -0,0001	 237,83784
-0,98022461	 -0,0001	 245,04504
-0,98205566	 -0,0001	 252,25225
-0,98144531	 -0,0001	 259,45946
-0,98205566	 -0,0001	 266,66667
-0,98327637	 -0,0001	 273,87387
-0,98205566	 -0,0001	 281,08108
-0,98052979	 -0,0001	 288,28829
-0,98175049	 -0,0001	 295,4955
-0,98175049	 -0,0001	 302,7027
-0,98236084	 -0,0001	 309,90991
-0,98175049	 -0,0001	 317,11712
-0,98236084	 -0,0001	 324,32432
-0,98205566	 -0,0001	 331,53153
-0,98236084	 -0,0001	 338,73874
-0,98297119	 -0,0001	 345,94595
-0,98358154	 -0,0001	 353,15315
-0,98358154	 -0,0001	 360,36036
-0,98236084	 -0,0001	 367,56757
-0,98297119	 -0,0001	 374,77477
-0,98236084	 -0,0001	 381,98198
-0,98327637	 -0,0001	 389,18919
-0,98327637	 -0,0001	 396,3964
-0,98449707	 -0,0001	 403,6036
-0,98327637	 -0,0001	 410,81081
-0,98510742	 -0,0001	 418,01802
-0,98510742	 -0,0001	 425,22523
-0,98480225	 -0,0001	 432,43243
-0,98571777	 -0,0001	 439,63964
-0,98510742	 -0,0001	 446,84685
-0,98510742	 -0,0001	 454,05405
-0,98419189	 -0,0001	 461,26126
-0,98480225	 -0,0001	 468,46847
-0,98602295	 -0,0001	 475,67568
-0,9854126	 -0,0001	 482,88288
-0,98602295	 -0,0001	 490,09009
-0,98602295	 -0,0001	 497,2973
-0,9854126	 -0,0001	 504,5045
-0,98449707	 -0,0001	 511,71171
-0,9854126	 -0,0001	 518,91892
-0,9854126	 -0,0001	 526,12613
-0,98419189	 -0,0001	 533,33333
-0,9866333	 -0,0001	 540,54054
-0,9854126	 -0,0001	 547,74775
-0,98632813	 -0,0001	 554,95495
-0,98602295	 -0,0001	 562,16216
-0,9866333	 -0,0001	 569,36937
-0,98724365	 -0,0001	 576,57658
-0,98754883	 -0,0001	 583,78378
-0,98693848	 -0,0001	 590,99099
-0,98724365	 -0,0001	 598,1982
-0,98693848	 -0,0001	 605,40541
-0,98480225	 -0,0001	 612,61261
-0,9866333	 -0,0001	 619,81982
-0,98693848	 -0,0001	 627,02703
-0,98815918	 -0,0001	 634,23423
-0,98754883	 -0,0001	 641,44144
-0,98724365	 -0,0001	 648,64865
-0,9866333	 -0,0001	 655,85586
-0,98815918	 -0,0001	 663,06306
-0,98907471	 -0,0001	 670,27027
-0,98602295	 -0,0001	 677,47748
-0,987854	 -0,0001	 684,68468
-0,98754883	 -0,0001	 691,89189
-0,98693848	 -0,0001	 699,0991
-0,98846436	 -0,0001	 706,30631
-0,98632813	 -0,0001	 713,51351
-0,98876953	 -0,0001	 720,72072
-0,987854	 -0,0001	 727,92793
-0,98846436	 -0,0001	 735,13514
-0,98754883	 -0,0001	 742,34234
-0,99029541	 -0,0001	 749,54955
-0,98815918	 -0,0001	 756,75676
-0,98693848	 -0,0001	 763,96396
-0,98724365	 -0,0001	 771,17117
-0,98937988	 -0,0001	 778,37838
-0,98937988	 -0,0001	 785,58559
-0,9866333	 -0,0001	 792,79279
-0,99029541	 -0,0001	 800
-0,98815918	 -0,0001	 807,20721
-0,98999023	 -0,0001	 814,41441
-0,98999023	 -0,0001	 821,62162
-0,98876953	 -0,0001	 828,82883
-0,98815918	 -0,0001	 836,03604
-0,98846436	 -0,0001	 843,24324
-0,99090576	 -0,0001	 850,45045
-0,98999023	 -0,0001	 857,65766
-0,98999023	 -0,0001	 864,86486
-0,98907471	 -0,0001	 872,07207
-0,98968506	 -0,0001	 879,27928
-0,99182129	 -0,0001	 886,48649
-0,99060059	 -0,0001	 893,69369
-0,98907471	 -0,0001	 900,9009
-0,99060059	 -0,0001	 908,10811
-0,99090576	 -0,0001	 915,31532
-0,98999023	 -0,0001	 922,52252
-0,99182129	 -0,0001	 929,72973
-0,99090576	 -0,0001	 936,93694
-0,99121094	 -0,0001	 944,14414
-0,99151611	 -0,0001	 951,35135
-0,99304199	 -0,0001	 958,55856
-0,99151611	 -0,0001	 965,76577
-0,99243164	 -0,0001	 972,97297
-0,99090576	 -0,0001	 980,18018
-0,99090576	 -0,0001	 987,38739
-0,99212646	 -0,0001	 994,59459
-0,99304199	 -0,0001	 1001,8018
-0,99273682	 -0,0001	 1009,009
-0,99304199	 -0,0001	 1016,2162
-0,99090576	 -0,0001	 1023,4234
-0,99151611	 -0,0001	 1030,6306
-0,99182129	 -0,0001	 1037,8378
-0,99151611	 -0,0001	 1045,045
-0,99212646	 -0,0001	 1052,2523
-0,99029541	 -0,0001	 1059,4595
-0,99029541	 -0,0001	 1066,6667
-0,99182129	 -0,0001	 1073,8739
-0,99243164	 -0,0001	 1081,0811
-0,98907471	 -0,0001	 1088,2883
-0,99243164	 -0,0001	 1095,4955
-0,98876953	 -0,0001	 1102,7027
-0,99182129	 -0,0001	 1109,9099
-0,99029541	 -0,0001	 1117,1171
-0,99151611	 -0,0001	 1124,3243
-0,98907471	 -0,0001	 1131,5315
-0,99151611	 -0,0001	 1138,7387
-0,99243164	 -0,0001	 1145,9459
-0,99273682	 -0,0001	 1153,1532
-0,98876953	 -0,0001	 1160,3604
-0,99060059	 -0,0001	 1167,5676
-0,99182129	 -0,0001	 1174,7748
-0,98754883	 -0,0001	 1181,982
-0,98907471	 -0,0001	 1189,1892
-0,98999023	 -0,0001	 1196,3964
-0,99151611	 -0,0001	 1203,6036
-0,98693848	 -0,0001	 1210,8108
-0,98815918	 -0,0001	 1218,018
-0,99151611	 -0,0001	 1225,2252
-0,99456787	 -0,0001	 1232,4324
-0,99029541	 -0,0001	 1239,6396
-0,99517822	 -0,0001	 1246,8468
-0,98602295	 -0,0001	 1254,0541
-0,99029541	 -0,0001	 1261,2613
-0,99304199	 -0,0001	 1268,4685
-0,99121094	 -0,0001	 1275,6757
-0,99487305	 -0,0001	 1282,8829
-0,99212646	 -0,0001	 1290,0901
-0,987854	 -0,0001	 1297,2973
-0,98999023	 -0,0001	 1304,5045
-0,99151611	 -0,0001	 1311,7117
-0,98815918	 -0,0001	 1318,9189
-0,99121094	 -0,0001	 1326,1261
-0,9954834	 -0,0001	 1333,3333
-0,98968506	 -0,0001	 1340,5405
-0,99212646	 -0,0001	 1347,7477
-0,98937988	 -0,0001	 1354,955
-0,98754883	 -0,0001	 1362,1622
-0,99029541	 -0,0001	 1369,3694
-0,99365234	 -0,0001	 1376,5766
-0,99822998	 -0,0001	 1383,7838
-0,99151611	 -0,0001	 1390,991
-0,99273682	 -0,0001	 1398,1982
-0,99060059	 -0,0001	 1405,4054
-0,99212646	 -0,0001	 1412,6126
-0,99304199	 -0,0001	 1419,8198
-0,99761963	 -0,0001	 1427,027
-0,99182129	 -0,0001	 1434,2342
-0,99060059	 -0,0001	 1441,4414
-0,9942627	 -0,0001	 1448,6486
-0,99273682	 -0,0001	 1455,8559
-0,99365234	 -0,0001	 1463,0631
-0,99365234	 -0,0001	 1470,2703
-0,99121094	 -0,0001	 1477,4775
-0,99273682	 -0,0001	 1484,6847
-0,99060059	 -0,0001	 1491,8919
-0,99121094	 -0,0001	 1499,0991
-0,99243164	 -0,0001	 1506,3063
-0,99609375	 -0,0001	 1513,5135
-0,99182129	 -0,0001	 1520,7207
-0,99060059	 -0,0001	 1527,9279
-0,99395752	 -0,0001	 1535,1351
-0,99365234	 -0,0001	 1542,3423
-0,99060059	 -0,0001	 1549,5495
-0,99334717	 -0,0001	 1556,7568
-0,99182129	 -0,0001	 1563,964
-0,99243164	 -0,0001	 1571,1712
-0,99609375	 -0,0001	 1578,3784
-0,99182129	 -0,0001	 1585,5856
-0,99151611	 -0,0001	 1592,7928
-0,99029541	 -0,0001	 1600
-0,99487305	 -0,0001	 1607,2072
-0,9954834	 -0,0001	 1614,4144
-0,99060059	 -0,0001	 1621,6216
-0,99334717	 -0,0001	 1628,8288
-0,99578857	 -0,0001	 1636,036
-0,99273682	 -0,0001	 1643,2432
-0,99182129	 -0,0001	 1650,4505
-0,99243164	 -0,0001	 1657,6577
-0,99578857	 -0,0001	 1664,8649
-0,99334717	 -0,0001	 1672,0721
-0,99365234	 -0,0001	 1679,2793
-0,99456787	 -0,0001	 1686,4865
-0,99151611	 -0,0001	 1693,6937
-0,99151611	 -0,0001	 1700,9009
-0,99365234	 -0,0001	 1708,1081
-0,9967041	 -0,0001	 1715,3153
-0,99243164	 -0,0001	 1722,5225
-0,99121094	 -0,0001	 1729,7297
-0,9942627	 -0,0001	 1736,9369
-0,99395752	 -0,0001	 1744,1441
-0,99395752	 -0,0001	 1751,3514
-0,9942627	 -0,0001	 1758,5586
-0,99456787	 -0,0001	 1765,7658
-0,9954834	 -0,0001	 1772,973
-0,99365234	 -0,0001	 1780,1802
-0,9942627	 -0,0001	 1787,3874
-0,99304199	 -0,0001	 1794,5946
-0,99304199	 -0,0001	 1801,8018
-0,99334717	 -0,0001	 1809,009
-0,99395752	 -0,0001	 1816,2162
-0,99365234	 -0,0001	 1823,4234
-0,99395752	 -0,0001	 1830,6306
-0,99212646	 -0,0001	 1837,8378
-0,99334717	 -0,0001	 1845,045
-0,99334717	 -0,0001	 1852,2523
-0,99365234	 -0,0001	 1859,4595
-0,99945068	 -0,0001	 1866,6667
-0,9954834	 -0,0001	 1873,8739
-0,99517822	 -0,0001	 1881,0811
-0,99578857	 -0,0001	 1888,2883
-0,99945068	 -0,0001	 1895,4955
-0,99639893	 -0,0001	 1902,7027
-0,99639893	 -0,0001	 1909,9099
-0,9954834	 -0,0001	 1917,1171
-0,99761963	 -0,0001	 1924,3243
-0,99639893	 -0,0001	 1931,5315
-0,9967041	 -0,0001	 1938,7387
-0,99700928	 -0,0001	 1945,9459
-0,9954834	 -0,0001	 1953,1532
-0,99456787	 -0,0001	 1960,3604
-1,0028076	 -0,0001	 1967,5676
-0,99487305	 -0,0001	 1974,7748
-0,99578857	 -0,0001	 1981,982
-0,99761963	 -0,0001	 1989,1892
-0,99578857	 -0,0001	 1996,3964
-0,99945068	 -0,0001	 2003,6036
-0,99853516	 -0,0001	 2010,8108
-0,99945068	 -0,0001	 2018,018
-0,99517822	 -0,0001	 2025,2252
-0,99578857	 -0,0001	 2032,4324
-0,99609375	 -0,0001	 2039,6396
-0,99975586	 -0,0001	 2046,8468
-1,000061	 -0,0001	 2054,0541
-0,99975586	 -0,0001	 2061,2613
-0,99822998	 -0,0001	 2068,4685
-0,99761963	 -0,0001	 2075,6757
-0,9979248	 -0,0001	 2082,8829
-0,99975586	 -0,0001	 2090,0901
-0,99975586	 -0,0001	 2097,2973
-0,99853516	 -0,0001	 2104,5045
-0,99945068	 -0,0001	 2111,7117
-1,0009766	 -0,0001	 2118,9189
-0,9967041	 -0,0001	 2126,1261
-0,99975586	 -0,0001	 2133,3333
-1,0003662	 -0,0001	 2140,5405
-1,0021973	 -0,0001	 2147,7477
-1,003418	 -0,0001	 2154,955
-1,0015869	 -0,0001	 2162,1622
-0,99700928	 -0,0001	 2169,3694
-0,99853516	 -0,0001	 2176,5766
-1,0021973	 -0,0001	 2183,7838
-0,99975586	 -0,0001	 2190,991
-0,99884033	 -0,0001	 2198,1982
-0,99731445	 -0,0001	 2205,4054
-0,99945068	 -0,0001	 2212,6126
-0,99853516	 -0,0001	 2219,8198
-1,000061	 -0,0001	 2227,027
-1,0009766	 -0,0001	 2234,2342
-1,0064697	 -0,0001	 2241,4414
-1,003418	 -0,0001	 2248,6486
-1,0003662	 -0,0001	 2255,8559
-1,000061	 -0,0001	 2263,0631
-1,000061	 -0,0001	 2270,2703
-0,99914551	 -0,0001	 2277,4775
-1,000061	 -0,0001	 2284,6847
-0,99822998	 -0,0001	 2291,8919
-0,99884033	 -0,0001	 2299,0991
-0,99945068	 -0,0001	 2306,3063
-1,0015869	 -0,0001	 2313,5135
-0,99182129	 -0,0001	 2320,7207
-0,98968506	 -0,0001	 2327,9279
-0,98693848	 -0,0001	 2335,1351
-0,98358154	 -0,0001	 2342,3423
-0,97839355	 -0,0001	 2349,5495
-0,97991943	 -0,0001	 2356,7568
-0,98571777	 -0,0001	 2363,964
-0,98632813	 -0,0001	 2371,1712
-0,9765625	 -0,0001	 2378,3784
-0,96740723	 -0,0001	 2385,5856
-0,96374512	 -0,0001	 2392,7928
-0,96832275	 -0,0001	 2400
-0,9677124	 -0,0001	 2407,2072
-0,96710205	 -0,0001	 2414,4144
-0,96710205	 -0,0001	 2421,6216
-0,965271	 -0,0001	 2428,8288
-0,96130371	 -0,0001	 2436,036
-0,96343994	 -0,0001	 2443,2432
-0,95947266	 -0,0001	 2450,4505
-0,94940186	 -0,0001	 2457,6577
-0,94604492	 -0,0001	 2464,8649
-0,94085693	 -0,0001	 2472,0721
-0,93963623	 -0,0001	 2479,2793
-0,93811035	 -0,0001	 2486,4865
-0,93170166	 -0,0001	 2493,6937
-0,93078613	 -0,0001	 2500,9009
-0,9262085	 -0,0001	 2508,1081
-0,92498779	 -0,0001	 2515,3153
-0,92102051	 -0,0001	 2522,5225
-0,92224121	 -0,0001	 2529,7297
-0,92102051	 -0,0001	 2536,9369
-0,91766357	 -0,0001	 2544,1441
-0,91583252	 -0,0001	 2551,3514
-0,91369629	 -0,0001	 2558,5586
-0,91552734	 -0,0001	 2565,7658
-0,9185791	 -0,0001	 2572,973
-0,9173584	 -0,0001	 2580,1802
-0,91064453	 -0,0001	 2587,3874
-0,90789795	 -0,0001	 2594,5946
-0,90942383	 -0,0001	 2601,8018
-0,90789795	 -0,0001	 2609,009
-0,90393066	 -0,0001	 2616,2162
-0,90698242	 -0,0001	 2623,4234
-0,90393066	 -0,0001	 2630,6306
-0,90637207	 -0,0001	 2637,8378
-0,90240479	 -0,0001	 2645,045
-0,90179443	 -0,0001	 2652,2523
-0,90026855	 -0,0001	 2659,4595
-0,89935303	 -0,0001	 2666,6667
-0,89935303	 -0,0001	 2673,8739
-0,89691162	 -0,0001	 2681,0811
-0,89813232	 -0,0001	 2688,2883
-0,90057373	 -0,0001	 2695,4955
-0,90087891	 -0,0001	 2702,7027
-0,90026855	 -0,0001	 2709,9099
-0,89599609	 -0,0001	 2717,1171
-0,89416504	 -0,0001	 2724,3243
-0,89385986	 -0,0001	 2731,5315
-0,89019775	 -0,0001	 2738,7387
-0,89599609	 -0,0001	 2745,9459
-0,89202881	 -0,0001	 2753,1532
-0,89294434	 -0,0001	 2760,3604
-0,89050293	 -0,0001	 2767,5676
-0,89050293	 -0,0001	 2774,7748
-0,89904785	 -0,0001	 2781,982
-0,89447021	 -0,0001	 2789,1892
-0,8883667	 -0,0001	 2796,3964
-0,88928223	 -0,0001	 2803,6036
-0,89569092	 -0,0001	 2810,8108
-0,90240479	 -0,0001	 2818,018
-0,90576172	 -0,0001	 2825,2252
-0,90332031	 -0,0001	 2832,4324
-0,90118408	 -0,0001	 2839,6396
-0,89935303	 -0,0001	 2846,8468
-0,90515137	 -0,0001	 2854,0541
-0,90270996	 -0,0001	 2861,2613
-0,89691162	 -0,0001	 2868,4685
-0,90332031	 -0,0001	 2875,6757
-0,90270996	 -0,0001	 2882,8829
-0,89813232	 -0,0001	 2890,0901
-0,89416504	 -0,0001	 2897,2973
-0,89782715	 -0,0001	 2904,5045
-0,89904785	 -0,0001	 2911,7117
-0,89996338	 -0,0001	 2918,9189
-0,90362549	 -0,0001	 2926,1261
-0,90759277	 -0,0001	 2933,3333
-0,90393066	 -0,0001	 2940,5405
-0,90026855	 -0,0001	 2947,7477
-0,89630127	 -0,0001	 2954,955
-0,89782715	 -0,0001	 2962,1622
-0,89660645	 -0,0001	 2969,3694
-0,89904785	 -0,0001	 2976,5766
-0,89904785	 -0,0001	 2983,7838
-0,9085083	 -0,0001	 2990,991
-0,91033936	 -0,0001	 2998,1982
-0,91644287	 -0,0001	 3005,4054
-0,91308594	 -0,0001	 3012,6126
-0,91369629	 -0,0001	 3019,8198
-0,91461182	 -0,0001	 3027,027
-0,91705322	 -0,0001	 3034,2342
-0,91247559	 -0,0001	 3041,4414
-0,91522217	 -0,0001	 3048,6486
-0,91888428	 -0,0001	 3055,8559
-0,9173584	 -0,0001	 3063,0631
-0,91400146	 -0,0001	 3070,2703
-0,91430664	 -0,0001	 3077,4775
-0,91491699	 -0,0001	 3084,6847
-0,92163086	 -0,0001	 3091,8919
-0,91949463	 -0,0001	 3099,0991
-0,92163086	 -0,0001	 3106,3063
-0,92712402	 -0,0001	 3113,5135
-0,92254639	 -0,0001	 3120,7207
-0,9262085	 -0,0001	 3127,9279
-0,92590332	 -0,0001	 3135,1351
-0,93078613	 -0,0001	 3142,3423
-0,93231201	 -0,0001	 3149,5495
-0,92834473	 -0,0001	 3156,7568
-0,93292236	 -0,0001	 3163,964
-0,93170166	 -0,0001	 3171,1712
-0,93688965	 -0,0001	 3178,3784
-0,93811035	 -0,0001	 3185,5856
-0,93597412	 -0,0001	 3192,7928
-0,93414307	 -0,0001	 3200
-0,93322754	 -0,0001	 3207,2072
-0,93841553	 -0,0001	 3214,4144
-0,94116211	 -0,0001	 3221,6216
-0,94085693	 -0,0001	 3228,8288
-0,93994141	 -0,0001	 3236,036
-0,93902588	 -0,0001	 3243,2432
-0,93536377	 -0,0001	 3250,4505
-0,93933105	 -0,0001	 3257,6577
-0,94055176	 -0,0001	 3264,8649
-0,93963623	 -0,0001	 3272,0721
-0,9487915	 -0,0001	 3279,2793
-0,94726563	 -0,0001	 3286,4865
-0,95275879	 -0,0001	 3293,6937
-0,95794678	 -0,0001	 3300,9009
-0,95458984	 -0,0001	 3308,1081
-0,95184326	 -0,0001	 3315,3153
-0,95825195	 -0,0001	 3322,5225
-0,95672607	 -0,0001	 3329,7297
-0,9576416	 -0,0001	 3336,9369
-0,95611572	 -0,0001	 3344,1441
-0,96038818	 -0,0001	 3351,3514
-0,95611572	 -0,0001	 3358,5586
-0,95581055	 -0,0001	 3365,7658
-0,96038818	 -0,0001	 3372,973
-0,96832275	 -0,0001	 3380,1802
-0,96069336	 -0,0001	 3387,3874
-0,96374512	 -0,0001	 3394,5946
-0,96374512	 -0,0001	 3401,8018
-0,96862793	 -0,0001	 3409,009
-0,97045898	 -0,0001	 3416,2162
-0,96954346	 -0,0001	 3423,4234
-0,97229004	 -0,0001	 3430,6306
-0,97198486	 -0,0001	 3437,8378
-0,97473145	 -0,0001	 3445,045
-0,96954346	 -0,0001	 3452,2523
-0,97076416	 -0,0001	 3459,4595
-0,9677124	 -0,0001	 3466,6667
-0,96954346	 -0,0001	 3473,8739
-0,96832275	 -0,0001	 3481,0811
-0,97290039	 -0,0001	 3488,2883
-0,97351074	 -0,0001	 3495,4955
-0,97259521	 -0,0001	 3502,7027
-0,97137451	 -0,0001	 3509,9099
-0,97442627	 -0,0001	 3517,1171
-0,97198486	 -0,0001	 3524,3243
-0,97106934	 -0,0001	 3531,5315
-0,97137451	 -0,0001	 3538,7387
-0,97351074	 -0,0001	 3545,9459
-0,97473145	 -0,0001	 3553,1532
-0,97686768	 -0,0001	 3560,3604
-0,987854	 -0,0001	 3567,5676
-0,98724365	 -0,0001	 3574,7748
-0,99212646	 -0,0001	 3581,982
-0,99304199	 -0,0001	 3589,1892
-0,99212646	 -0,0001	 3596,3964
-0,9967041	 -0,0001	 3603,6036
-1,000061	 -0,0001	 3610,8108
-1,0025024	 -0,0001	 3618,018
-0,99975586	 -0,0001	 3625,2252
-1,000061	 -0,0001	 3632,4324
-0,9967041	 -0,0001	 3639,6396
-0,9979248	 -0,0001	 3646,8468
-0,99761963	 -0,0001	 3654,0541
-0,99884033	 -0,0001	 3661,2613
-0,99884033	 -0,0001	 3668,4685
-0,99853516	 -0,0001	 3675,6757
-1,0015869	 -0,0001	 3682,8829
-1,003418	 -0,0001	 3690,0901
-1,0049438	 -0,0001	 3697,2973
-1,0101318	 -0,0001	 3704,5045
-1,0147095	 -0,0001	 3711,7117
-1,0122681	 -0,0001	 3718,9189
-1,0144043	 -0,0001	 3726,1261
-1,0165405	 -0,0001	 3733,3333
-1,0134888	 -0,0001	 3740,5405
-1,0110474	 -0,0001	 3747,7477
-1,0128784	 -0,0001	 3754,955
-1,0165405	 -0,0001	 3762,1622
-1,0177612	 -0,0001	 3769,3694
-1,0153198	 -0,0001	 3776,5766
-1,0202026	 -0,0001	 3783,7838
-1,0223389	 -0,0001	 3790,991
-1,0269165	 -0,0001	 3798,1982
-1,0241699	 -0,0001	 3805,4054
-1,0220337	 -0,0001	 3812,6126
-1,0189819	 -0,0001	 3819,8198
-1,0235596	 -0,0001	 3827,027
-1,0205078	 -0,0001	 3834,2342
-1,0189819	 -0,0001	 3841,4414
-1,0235596	 -0,0001	 3848,6486
-1,0284424	 -0,0001	 3855,8559
-1,0241699	 -0,0001	 3863,0631
-1,0272217	 -0,0001	 3870,2703
-1,0263062	 -0,0001	 3877,4775
-1,0232544	 -0,0001	 3884,6847
-1,0241699	 -0,0001	 3891,8919
-1,0247803	 -0,0001	 3899,0991
-1,0275269	 -0,0001	 3906,3063
-1,0266113	 -0,0001	 3913,5135
-1,0275269	 -0,0001	 3920,7207
-1,026001	 -0,0001	 3927,9279
-1,0290527	 -0,0001	 3935,1351
-1,0281372	 -0,0001	 3942,3423
-1,0263062	 -0,0001	 3949,5495
-1,022644	 -0,0001	 3956,7568
-1,0189819	 -0,0001	 3963,964
-1,0220337	 -0,0001	 3971,1712
-1,0192871	 -0,0001	 3978,3784
-1,0220337	 -0,0001	 3985,5856
-1,0186768	 -0,0001	 3992,7928
-1,0165405	 -0,0001	 4000
-1,0153198	 -0,0001	 4007,2072
-1,0150146	 -0,0001	 4014,4144
-1,0144043	 -0,0001	 4021,6216
-1,0177612	 -0,0001	 4028,8288
-1,0177612	 -0,0001	 4036,036
-1,0131836	 -0,0001	 4043,2432
-1,0192871	 -0,0001	 4050,4505
-1,0144043	 -0,0001	 4057,6577
-1,0116577	 -0,0001	 4064,8649
-1,0113525	 -0,0001	 4072,0721
-1,0125732	 -0,0001	 4079,2793
-1,0046387	 -0,0001	 4086,4865
-1,0043335	 -0,0001	 4093,6937
-1,0113525	 -0,0001	 4100,9009
-1,0037231	 -0,0001	 4108,1081
-1,005249	 -0,0001	 4115,3153
-0,99761963	 -0,0001	 4122,5225
-0,99609375	 -0,0001	 4129,7297
-0,99639893	 -0,0001	 4136,9369
-0,99700928	 -0,0001	 4144,1441
-0,99395752	 -0,0001	 4151,3514
-0,98205566	 -0,0001	 4158,5586
-0,97106934	 -0,0001	 4165,7658
-0,97167969	 -0,0001	 4172,973
-0,96710205	 -0,0001	 4180,1802
-0,96679688	 -0,0001	 4187,3874
-0,96435547	 -0,0001	 4194,5946
-0,95977783	 -0,0001	 4201,8018
-0,95306396	 -0,0001	 4209,009
-0,94909668	 -0,0001	 4216,2162
-0,94299316	 -0,0001	 4223,4234
-0,93811035	 -0,0001	 4230,6306
-0,93963623	 -0,0001	 4237,8378
-0,93780518	 -0,0001	 4245,045
-0,93322754	 -0,0001	 4252,2523
-0,9274292	 -0,0001	 4259,4595
-0,91430664	 -0,0001	 4266,6667
-0,91156006	 -0,0001	 4273,8739
-0,9072876	 -0,0001	 4281,0811
-0,90270996	 -0,0001	 4288,2883
-0,89935303	 -0,0001	 4295,4955
-0,90423584	 -0,0001	 4302,7027
-0,90667725	 -0,0001	 4309,9099
-0,90026855	 -0,0001	 4317,1171
-0,90057373	 -0,0001	 4324,3243
-0,89324951	 -0,0001	 4331,5315
-0,88653564	 -0,0001	 4338,7387
-0,88592529	 -0,0001	 4345,9459
-0,88775635	 -0,0001	 4353,1532
-0,88775635	 -0,0001	 4360,3604
-0,88623047	 -0,0001	 4367,5676
-0,88775635	 -0,0001	 4374,7748
-0,88287354	 -0,0001	 4381,982
-0,87677002	 -0,0001	 4389,1892
-0,86914063	 -0,0001	 4396,3964
-0,86303711	 -0,0001	 4403,6036
-0,86395264	 -0,0001	 4410,8108
-0,86181641	 -0,0001	 4418,018
-0,8682251	 -0,0001	 4425,2252
-0,86730957	 -0,0001	 4432,4324
-0,86486816	 -0,0001	 4439,6396
-0,86090088	 -0,0001	 4446,8468
-0,85906982	 -0,0001	 4454,0541
-0,85601807	 -0,0001	 4461,2613
-0,85662842	 -0,0001	 4468,4685
-0,85693359	 -0,0001	 4475,6757
-0,85601807	 -0,0001	 4482,8829
-0,85449219	 -0,0001	 4490,0901
-0,85418701	 -0,0001	 4497,2973
-0,85510254	 -0,0001	 4504,5045
-0,85388184	 -0,0001	 4511,7117
-0,85205078	 -0,0001	 4518,9189
-0,85510254	 -0,0001	 4526,1261
-0,85296631	 -0,0001	 4533,3333
-0,85205078	 -0,0001	 4540,5405
-0,85449219	 -0,0001	 4547,7477
-0,85662842	 -0,0001	 4554,955
-0,85540771	 -0,0001	 4562,1622
-0,85083008	 -0,0001	 4569,3694
-0,85083008	 -0,0001	 4576,5766
-0,85235596	 -0,0001	 4583,7838
-0,85144043	 -0,0001	 4590,991
-0,8505249	 -0,0001	 4598,1982
-0,85327148	 -0,0001	 4605,4054
-0,85113525	 -0,0001	 4612,6126
-0,84777832	 -0,0001	 4619,8198
-0,84777832	 -0,0001	 4627,027
-0,8493042	 -0,0001	 4634,2342
-0,84747314	 -0,0001	 4641,4414
-0,84716797	 -0,0001	 4648,6486
-0,84594727	 -0,0001	 4655,8559
-0,84594727	 -0,0001	 4663,0631
-0,84594727	 -0,0001	 4670,2703
-0,84350586	 -0,0001	 4677,4775
-0,84197998	 -0,0001	 4684,6847
-0,84533691	 -0,0001	 4691,8919
-0,84472656	 -0,0001	 4699,0991
-0,84442139	 -0,0001	 4706,3063
-0,84442139	 -0,0001	 4713,5135
-0,84594727	 -0,0001	 4720,7207
-0,84777832	 -0,0001	 4727,9279
-0,84686279	 -0,0001	 4735,1351
-0,84411621	 -0,0001	 4742,3423
-0,84472656	 -0,0001	 4749,5495
-0,84747314	 -0,0001	 4756,7568
-0,84716797	 -0,0001	 4763,964
-0,84472656	 -0,0001	 4771,1712
-0,84197998	 -0,0001	 4778,3784
-0,84320068	 -0,0001	 4785,5856
-0,84503174	 -0,0001	 4792,7928
-0,84594727	 -0,0001	 4800
-0,84655762	 -0,0001	 4807,2072
-0,84716797	 -0,0001	 4814,4144
-0,84564209	 -0,0001	 4821,6216
-0,84381104	 -0,0001	 4828,8288
-0,84472656	 -0,0001	 4836,036
-0,84899902	 -0,0001	 4843,2432
-0,84960938	 -0,0001	 4850,4505
-0,84533691	 -0,0001	 4857,6577
-0,84381104	 -0,0001	 4864,8649
-0,84533691	 -0,0001	 4872,0721
-0,84869385	 -0,0001	 4879,2793
-0,85388184	 -0,0001	 4886,4865
-0,85693359	 -0,0001	 4893,6937
-0,85693359	 -0,0001	 4900,9009
-0,85388184	 -0,0001	 4908,1081
-0,85418701	 -0,0001	 4915,3153
-0,85113525	 -0,0001	 4922,5225
-0,85083008	 -0,0001	 4929,7297
-0,85266113	 -0,0001	 4936,9369
-0,85083008	 -0,0001	 4944,1441
-0,85418701	 -0,0001	 4951,3514
-0,85510254	 -0,0001	 4958,5586
-0,85479736	 -0,0001	 4965,7658
-0,85540771	 -0,0001	 4972,973
-0,85357666	 -0,0001	 4980,1802
-0,85601807	 -0,0001	 4987,3874
-0,85998535	 -0,0001	 4994,5946
-0,85632324	 -0,0001	 5001,8018
-0,85510254	 -0,0001	 5009,009
-0,8581543	 -0,0001	 5016,2162
-0,85906982	 -0,0001	 5023,4234
-0,8605957	 -0,0001	 5030,6306
-0,86151123	 -0,0001	 5037,8378
-0,86120605	 -0,0001	 5045,045
-0,86303711	 -0,0001	 5052,2523
-0,86181641	 -0,0001	 5059,4595
-0,86242676	 -0,0001	 5066,6667
-0,86578369	 -0,0001	 5073,8739
-0,86669922	 -0,0001	 5081,0811
-0,86303711	 -0,0001	 5088,2883
-0,86669922	 -0,0001	 5095,4955
-0,86730957	 -0,0001	 5102,7027
-0,86853027	 -0,0001	 5109,9099
-0,86761475	 -0,0001	 5117,1171
-0,86761475	 -0,0001	 5124,3243
-0,86975098	 -0,0001	 5131,5315
-0,86975098	 -0,0001	 5138,7387
-0,8706665	 -0,0001	 5145,9459
-0,87188721	 -0,0001	 5153,1532
-0,87677002	 -0,0001	 5160,3604
-0,87554932	 -0,0001	 5167,5676
-0,87524414	 -0,0001	 5174,7748
-0,87615967	 -0,0001	 5181,982
-0,87615967	 -0,0001	 5189,1892
-0,87524414	 -0,0001	 5196,3964
-0,87738037	 -0,0001	 5203,6036
-0,8770752	 -0,0001	 5210,8108
-0,88043213	 -0,0001	 5218,018
-0,8807373	 -0,0001	 5225,2252
-0,88470459	 -0,0001	 5232,4324
-0,88409424	 -0,0001	 5239,6396
-0,88653564	 -0,0001	 5246,8468
-0,88592529	 -0,0001	 5254,0541
-0,89385986	 -0,0001	 5261,2613
-0,89752197	 -0,0001	 5268,4685
-0,8972168	 -0,0001	 5275,6757
-0,89691162	 -0,0001	 5282,8829
-0,8984375	 -0,0001	 5290,0901
-0,8996582	 -0,0001	 5297,2973
-0,89599609	 -0,0001	 5304,5045
-0,8984375	 -0,0001	 5311,7117
-0,90301514	 -0,0001	 5318,9189
-0,9072876	 -0,0001	 5326,1261
-0,90698242	 -0,0001	 5333,3333
-0,90454102	 -0,0001	 5340,5405
-0,90606689	 -0,0001	 5347,7477
-0,91125488	 -0,0001	 5354,955
-0,91278076	 -0,0001	 5362,1622
-0,91186523	 -0,0001	 5369,3694
-0,91003418	 -0,0001	 5376,5766
-0,90667725	 -0,0001	 5383,7838
-0,90637207	 -0,0001	 5390,991
-0,90698242	 -0,0001	 5398,1982
-0,91003418	 -0,0001	 5405,4054
-0,91766357	 -0,0001	 5412,6126
-0,92315674	 -0,0001	 5419,8198
-0,92529297	 -0,0001	 5427,027
-0,92956543	 -0,0001	 5434,2342
-0,93536377	 -0,0001	 5441,4414
-0,93200684	 -0,0001	 5448,6486
-0,92590332	 -0,0001	 5455,8559
-0,93078613	 -0,0001	 5463,0631
-0,93048096	 -0,0001	 5470,2703
-0,92559814	 -0,0001	 5477,4775
-0,93261719	 -0,0001	 5484,6847
-0,9362793	 -0,0001	 5491,8919
-0,9362793	 -0,0001	 5499,0991
-0,93963623	 -0,0001	 5506,3063
-0,94482422	 -0,0001	 5513,5135
-0,94268799	 -0,0001	 5520,7207
-0,94146729	 -0,0001	 5527,9279
-0,94268799	 -0,0001	 5535,1351
-0,94238281	 -0,0001	 5542,3423
-0,94146729	 -0,0001	 5549,5495
-0,94940186	 -0,0001	 5556,7568
-0,95184326	 -0,0001	 5563,964
-0,95306396	 -0,0001	 5571,1712
-0,95672607	 -0,0001	 5578,3784
-0,95703125	 -0,0001	 5585,5856
-0,96038818	 -0,0001	 5592,7928
-0,9588623	 -0,0001	 5600
-0,95825195	 -0,0001	 5607,2072
-0,95581055	 -0,0001	 5614,4144
-0,95184326	 -0,0001	 5621,6216
-0,96008301	 -0,0001	 5628,8288
-0,96252441	 -0,0001	 5636,036
-0,95672607	 -0,0001	 5643,2432
-0,96099854	 -0,0001	 5650,4505
-0,96496582	 -0,0001	 5657,6577
-0,96679688	 -0,0001	 5664,8649
-0,9664917	 -0,0001	 5672,0721
-0,96740723	 -0,0001	 5679,2793
-0,96893311	 -0,0001	 5686,4865
-0,97015381	 -0,0001	 5693,6937
-0,97381592	 -0,0001	 5700,9009
-0,97625732	 -0,0001	 5708,1081
-0,98236084	 -0,0001	 5715,3153
-0,98327637	 -0,0001	 5722,5225
-0,98266602	 -0,0001	 5729,7297
-0,98266602	 -0,0001	 5736,9369
-0,98724365	 -0,0001	 5744,1441
-0,98571777	 -0,0001	 5751,3514
-0,98754883	 -0,0001	 5758,5586
-0,99060059	 -0,0001	 5765,7658
-0,98999023	 -0,0001	 5772,973
-0,98297119	 -0,0001	 5780,1802
-0,98114014	 -0,0001	 5787,3874
-0,98144531	 -0,0001	 5794,5946
-0,98693848	 -0,0001	 5801,8018
-0,98937988	 -0,0001	 5809,009
-0,99334717	 -0,0001	 5816,2162
-0,99212646	 -0,0001	 5823,4234
-0,99121094	 -0,0001	 5830,6306
-0,99304199	 -0,0001	 5837,8378
-0,99578857	 -0,0001	 5845,045
-0,99639893	 -0,0001	 5852,2523
-0,99700928	 -0,0001	 5859,4595
-0,9979248	 -0,0001	 5866,6667
-1,0037231	 -0,0001	 5873,8739
-1,0070801	 -0,0001	 5881,0811
-1,0098267	 -0,0001	 5888,2883
-1,0073853	 -0,0001	 5895,4955
-1,0083008	 -0,0001	 5902,7027
-1,0113525	 -0,0001	 5909,9099
-1,0092163	 -0,0001	 5917,1171
-1,0122681	 -0,0001	 5924,3243
-1,0131836	 -0,0001	 5931,5315
-1,0131836	 -0,0001	 5938,7387
-1,0110474	 -0,0001	 5945,9459
-1,0137939	 -0,0001	 5953,1532
-1,0119629	 -0,0001	 5960,3604
-1,0131836	 -0,0001	 5967,5676
-1,0165405	 -0,0001	 5974,7748
-1,0177612	 -0,0001	 5981,982
-1,0205078	 -0,0001	 5989,1892
-1,0235596	 -0,0001	 5996,3964
-1,0211182	 -0,0001	 6003,6036
-1,0198975	 -0,0001	 6010,8108
-1,020813	 -0,0001	 6018,018
-1,0238647	 -0,0001	 6025,2252
-1,0235596	 -0,0001	 6032,4324
-1,0272217	 -0,0001	 6039,6396
-1,0287476	 -0,0001	 6046,8468
-1,0293579	 -0,0001	 6054,0541
-1,0296631	 -0,0001	 6061,2613
-1,0321045	 -0,0001	 6068,4685
-1,0290527	 -0,0001	 6075,6757
-1,0314941	 -0,0001	 6082,8829
-1,0317993	 -0,0001	 6090,0901
-1,0357666	 -0,0001	 6097,2973
-1,0375977	 -0,0001	 6104,5045
-1,0339355	 -0,0001	 6111,7117
-1,0314941	 -0,0001	 6118,9189
-1,0324097	 -0,0001	 6126,1261
-1,0339355	 -0,0001	 6133,3333
-1,0360718	 -0,0001	 6140,5405
-1,0336304	 -0,0001	 6147,7477
-1,031189	 -0,0001	 6154,955
-1,0263062	 -0,0001	 6162,1622
-1,0250854	 -0,0001	 6169,3694
-1,027832	 -0,0001	 6176,5766
-1,0263062	 -0,0001	 6183,7838
-1,0241699	 -0,0001	 6190,991
-1,020813	 -0,0001	 6198,1982
-1,0211182	 -0,0001	 6205,4054
-1,0192871	 -0,0001	 6212,6126
-1,0192871	 -0,0001	 6219,8198
-1,0220337	 -0,0001	 6227,027
-1,0217285	 -0,0001	 6234,2342
-1,0180664	 -0,0001	 6241,4414
-1,0186768	 -0,0001	 6248,6486
-1,0192871	 -0,0001	 6255,8559
-1,0165405	 -0,0001	 6263,0631
-1,0180664	 -0,0001	 6270,2703
-1,0195923	 -0,0001	 6277,4775
-1,0177612	 -0,0001	 6284,6847
-1,0189819	 -0,0001	 6291,8919
-1,0165405	 -0,0001	 6299,0991
-1,0195923	 -0,0001	 6306,3063
-1,0205078	 -0,0001	 6313,5135
-1,0174561	 -0,0001	 6320,7207
-1,0223389	 -0,0001	 6327,9279
-1,020813	 -0,0001	 6335,1351
-1,0205078	 -0,0001	 6342,3423
-1,0217285	 -0,0001	 6349,5495
-1,0192871	 -0,0001	 6356,7568
-1,0150146	 -0,0001	 6363,964
-1,0147095	 -0,0001	 6371,1712
-1,0113525	 -0,0001	 6378,3784
-1,0089111	 -0,0001	 6385,5856
-1,0140991	 -0,0001	 6392,7928
-1,0153198	 -0,0001	 6400
-1,0144043	 -0,0001	 6407,2072
-1,0092163	 -0,0001	 6414,4144
-1,0116577	 -0,0001	 6421,6216
-1,0095215	 -0,0001	 6428,8288
-1,0049438	 -0,0001	 6436,036
-1,0083008	 -0,0001	 6443,2432
-1,0119629	 -0,0001	 6450,4505
-1,0079956	 -0,0001	 6457,6577
-1,0067749	 -0,0001	 6464,8649
-1,0055542	 -0,0001	 6472,0721
-0,99761963	 -0,0001	 6479,2793
-1,0003662	 -0,0001	 6486,4865
-0,99090576	 -0,0001	 6493,6937
-0,99029541	 -0,0001	 6500,9009
-0,99243164	 -0,0001	 6508,1081
-0,98632813	 -0,0001	 6515,3153
-0,98327637	 -0,0001	 6522,5225
-0,97991943	 -0,0001	 6529,7297
-0,9753418	 -0,0001	 6536,9369
-0,97686768	 -0,0001	 6544,1441
-0,97442627	 -0,0001	 6551,3514
-0,97473145	 -0,0001	 6558,5586
-0,97015381	 -0,0001	 6565,7658
-0,96588135	 -0,0001	 6572,973
-0,97045898	 -0,0001	 6580,1802
-0,97198486	 -0,0001	 6587,3874
-0,97473145	 -0,0001	 6594,5946
-0,97290039	 -0,0001	 6601,8018
-0,97167969	 -0,0001	 6609,009
-0,96588135	 -0,0001	 6616,2162
-0,9588623	 -0,0001	 6623,4234
-0,95703125	 -0,0001	 6630,6306
-0,95825195	 -0,0001	 6637,8378
-0,95672607	 -0,0001	 6645,045
-0,95123291	 -0,0001	 6652,2523
-0,94665527	 -0,0001	 6659,4595
-0,94512939	 -0,0001	 6666,6667
-0,94177246	 -0,0001	 6673,8739
-0,94085693	 -0,0001	 6681,0811
-0,94726563	 -0,0001	 6688,2883
-0,94940186	 -0,0001	 6695,4955
-0,94665527	 -0,0001	 6702,7027
-0,94390869	 -0,0001	 6709,9099
-0,94299316	 -0,0001	 6717,1171
-0,94390869	 -0,0001	 6724,3243
-0,94116211	 -0,0001	 6731,5315
-0,9362793	 -0,0001	 6738,7387
-0,92895508	 -0,0001	 6745,9459
-0,93444824	 -0,0001	 6753,1532
-0,93383789	 -0,0001	 6760,3604
-0,93353271	 -0,0001	 6767,5676
-0,93322754	 -0,0001	 6774,7748
-0,93505859	 -0,0001	 6781,982
-0,94451904	 -0,0001	 6789,1892
-0,93383789	 -0,0001	 6796,3964
-0,93261719	 -0,0001	 6803,6036
-0,92956543	 -0,0001	 6810,8108
-0,92712402	 -0,0001	 6818,018
-0,92498779	 -0,0001	 6825,2252
-0,92559814	 -0,0001	 6832,4324
-0,93231201	 -0,0001	 6839,6396
-0,93383789	 -0,0001	 6846,8468
-0,92590332	 -0,0001	 6854,0541
-0,92498779	 -0,0001	 6861,2613
-0,92803955	 -0,0001	 6868,4685
-0,92376709	 -0,0001	 6875,6757
-0,92559814	 -0,0001	 6882,8829
-0,93109131	 -0,0001	 6890,0901
-0,93292236	 -0,0001	 6897,2973
-0,92407227	 -0,0001	 6904,5045
-0,92651367	 -0,0001	 6911,7117
-0,9262085	 -0,0001	 6918,9189
-0,92681885	 -0,0001	 6926,1261
-0,9274292	 -0,0001	 6933,3333
-0,9286499	 -0,0001	 6940,5405
-0,92376709	 -0,0001	 6947,7477
-0,92926025	 -0,0001	 6954,955
-0,92834473	 -0,0001	 6962,1622
-0,93292236	 -0,0001	 6969,3694
-0,9286499	 -0,0001	 6976,5766
-0,92498779	 -0,0001	 6983,7838
-0,93017578	 -0,0001	 6990,991
-0,92712402	 -0,0001	 6998,1982
-0,92254639	 -0,0001	 7005,4054
-0,92102051	 -0,0001	 7012,6126
-0,92468262	 -0,0001	 7019,8198
-0,92498779	 -0,0001	 7027,027
-0,9286499	 -0,0001	 7034,2342
-0,93322754	 -0,0001	 7041,4414
-0,93292236	 -0,0001	 7048,6486
-0,93902588	 -0,0001	 7055,8559
-0,93933105	 -0,0001	 7063,0631
-0,93444824	 -0,0001	 7070,2703
-0,93414307	 -0,0001	 7077,4775
-0,93109131	 -0,0001	 7084,6847
-0,93261719	 -0,0001	 7091,8919
-0,93139648	 -0,0001	 7099,0991
-0,92773438	 -0,0001	 7106,3063
-0,93078613	 -0,0001	 7113,5135
-0,93078613	 -0,0001	 7120,7207
-0,93566895	 -0,0001	 7127,9279
-0,93688965	 -0,0001	 7135,1351
-0,93658447	 -0,0001	 7142,3423
-0,93719482	 -0,0001	 7149,5495
-0,93322754	 -0,0001	 7156,7568
-0,93414307	 -0,0001	 7163,964
-0,93292236	 -0,0001	 7171,1712
-0,93688965	 -0,0001	 7178,3784
-0,94177246	 -0,0001	 7185,5856
-0,94390869	 -0,0001	 7192,7928
-0,93994141	 -0,0001	 7200
